{
  "timestamp": "2026-03-20T18:50:10.254816",
  "portfolio_summary": {
    "total_coins": 13,
    "portfolio_var_95_1d": -4.28,
    "portfolio_cvar_95_1d": -7.72,
    "risk_level": "HIGH"
  },
  "correlation_matrix": {
    "coins": [
      "ADA",
      "ATOM",
      "AVAX",
      "BNB",
      "BTC",
      "DOGE",
      "DOT",
      "ETH",
      "LINK",
      "LTC",
      "NEAR",
      "SOL",
      "XRP"
    ],
    "values": [
      [
        1.0,
        0.7085,
        0.9211,
        0.8138,
        0.8113,
        0.9208,
        0.8664,
        0.8653,
        0.931,
        0.8752,
        0.8407,
        0.8583,
        0.8588
      ],
      [
        0.7085,
        1.0,
        0.6918,
        0.6129,
        0.6286,
        0.6657,
        0.5275,
        0.6548,
        0.6724,
        0.6683,
        0.6267,
        0.6229,
        0.6372
      ],
      [
        0.9211,
        0.6918,
        1.0,
        0.8399,
        0.8467,
        0.8692,
        0.8603,
        0.8701,
        0.9252,
        0.8848,
        0.873,
        0.8734,
        0.8131
      ],
      [
        0.8138,
        0.6129,
        0.8399,
        1.0,
        0.9083,
        0.7847,
        0.7057,
        0.8914,
        0.8984,
        0.8402,
        0.7665,
        0.8987,
        0.8275
      ],
      [
        0.8113,
        0.6286,
        0.8467,
        0.9083,
        1.0,
        0.7937,
        0.6662,
        0.9233,
        0.9196,
        0.8429,
        0.764,
        0.9202,
        0.8919
      ],
      [
        0.9208,
        0.6657,
        0.8692,
        0.7847,
        0.7937,
        1.0,
        0.7491,
        0.8185,
        0.8669,
        0.8046,
        0.7548,
        0.8102,
        0.8252
      ],
      [
        0.8664,
        0.5275,
        0.8603,
        0.7057,
        0.6662,
        0.7491,
        1.0,
        0.7518,
        0.8236,
        0.8214,
        0.8334,
        0.7541,
        0.6774
      ],
      [
        0.8653,
        0.6548,
        0.8701,
        0.8914,
        0.9233,
        0.8185,
        0.7518,
        1.0,
        0.9552,
        0.8427,
        0.8096,
        0.9275,
        0.8541
      ],
      [
        0.931,
        0.6724,
        0.9252,
        0.8984,
        0.9196,
        0.8669,
        0.8236,
        0.9552,
        1.0,
        0.9017,
        0.8469,
        0.9447,
        0.8849
      ],
      [
        0.8752,
        0.6683,
        0.8848,
        0.8402,
        0.8429,
        0.8046,
        0.8214,
        0.8427,
        0.9017,
        1.0,
        0.8245,
        0.8731,
        0.8037
      ],
      [
        0.8407,
        0.6267,
        0.873,
        0.7665,
        0.764,
        0.7548,
        0.8334,
        0.8096,
        0.8469,
        0.8245,
        1.0,
        0.8147,
        0.7387
      ],
      [
        0.8583,
        0.6229,
        0.8734,
        0.8987,
        0.9202,
        0.8102,
        0.7541,
        0.9275,
        0.9447,
        0.8731,
        0.8147,
        1.0,
        0.8443
      ],
      [
        0.8588,
        0.6372,
        0.8131,
        0.8275,
        0.8919,
        0.8252,
        0.6774,
        0.8541,
        0.8849,
        0.8037,
        0.7387,
        0.8443,
        1.0
      ]
    ]
  },
  "individual_risk": {
    "ADA": {
      "var_95_1d": -5.33,
      "cvar_95_1d": -8.25,
      "max_dd_30d": -15.98,
      "volatility_30d": 78.05
    },
    "ATOM": {
      "var_95_1d": -5.4,
      "cvar_95_1d": -6.75,
      "max_dd_30d": -26.34,
      "volatility_30d": 53.68
    },
    "AVAX": {
      "var_95_1d": -5.38,
      "cvar_95_1d": -8.27,
      "max_dd_30d": -9.71,
      "volatility_30d": 73.29
    },
    "BNB": {
      "var_95_1d": -3.66,
      "cvar_95_1d": -7.47,
      "max_dd_30d": -6.96,
      "volatility_30d": 45.43
    },
    "BTC": {
      "var_95_1d": -3.91,
      "cvar_95_1d": -6.99,
      "max_dd_30d": -9.27,
      "volatility_30d": 51.81
    },
    "DOGE": {
      "var_95_1d": -5.0,
      "cvar_95_1d": -8.87,
      "max_dd_30d": -11.49,
      "volatility_30d": 73.05
    },
    "DOT": {
      "var_95_1d": -5.82,
      "cvar_95_1d": -9.0,
      "max_dd_30d": -15.36,
      "volatility_30d": 139.2
    },
    "ETH": {
      "var_95_1d": -5.78,
      "cvar_95_1d": -9.18,
      "max_dd_30d": -9.09,
      "volatility_30d": 71.85
    },
    "LINK": {
      "var_95_1d": -5.65,
      "cvar_95_1d": -7.98,
      "max_dd_30d": -8.86,
      "volatility_30d": 71.56
    },
    "LTC": {
      "var_95_1d": -4.17,
      "cvar_95_1d": -7.75,
      "max_dd_30d": -7.33,
      "volatility_30d": 57.46
    },
    "NEAR": {
      "var_95_1d": -5.68,
      "cvar_95_1d": -8.89,
      "max_dd_30d": -11.19,
      "volatility_30d": 119.16
    },
    "SOL": {
      "var_95_1d": -6.01,
      "cvar_95_1d": -8.88,
      "max_dd_30d": -10.14,
      "volatility_30d": 68.28
    },
    "XRP": {
      "var_95_1d": -4.22,
      "cvar_95_1d": -8.21,
      "max_dd_30d": -6.44,
      "volatility_30d": 51.34
    }
  },
  "concentration": {
    "btc_weight_pct": 56.54,
    "eth_weight_pct": 10.36,
    "top3_weight_pct": 74.26,
    "top3_coins": [
      "BTC",
      "ETH",
      "USDT"
    ],
    "total_market_cap_usd": 2498681018044.0,
    "warnings": [
      "BTC dominance very high at 56.5% - market heavily concentrated"
    ]
  },
  "alerts": [
    {
      "severity": "critical",
      "alert_type": "drawdown",
      "coin": "ATOM",
      "message": "ATOM 30d max drawdown: -26.3%",
      "value": -26.34
    },
    {
      "severity": "critical",
      "alert_type": "volatility",
      "coin": "DOT",
      "message": "DOT annualized volatility: 139.2% (threshold: 80.0%)",
      "value": 139.2
    },
    {
      "severity": "warning",
      "alert_type": "drawdown",
      "coin": "ADA",
      "message": "ADA 30d max drawdown: -16.0%",
      "value": -15.98
    },
    {
      "severity": "warning",
      "alert_type": "drawdown",
      "coin": "DOGE",
      "message": "DOGE 30d max drawdown: -11.5%",
      "value": -11.49
    },
    {
      "severity": "warning",
      "alert_type": "drawdown",
      "coin": "DOT",
      "message": "DOT 30d max drawdown: -15.4%",
      "value": -15.36
    },
    {
      "severity": "warning",
      "alert_type": "drawdown",
      "coin": "NEAR",
      "message": "NEAR 30d max drawdown: -11.2%",
      "value": -11.19
    },
    {
      "severity": "warning",
      "alert_type": "volatility",
      "coin": "NEAR",
      "message": "NEAR annualized volatility: 119.2% (threshold: 80.0%)",
      "value": 119.16
    },
    {
      "severity": "warning",
      "alert_type": "drawdown",
      "coin": "SOL",
      "message": "SOL 30d max drawdown: -10.1%",
      "value": -10.14
    },
    {
      "severity": "info",
      "alert_type": "correlation",
      "coin": "ADA/AVAX",
      "message": "High correlation (0.92) between ADA and AVAX - limited diversification",
      "value": 0.9211
    },
    {
      "severity": "info",
      "alert_type": "correlation",
      "coin": "ADA/DOGE",
      "message": "High correlation (0.92) between ADA and DOGE - limited diversification",
      "value": 0.9208
    },
    {
      "severity": "info",
      "alert_type": "correlation",
      "coin": "ADA/LINK",
      "message": "High correlation (0.93) between ADA and LINK - limited diversification",
      "value": 0.931
    },
    {
      "severity": "info",
      "alert_type": "correlation",
      "coin": "AVAX/LINK",
      "message": "High correlation (0.93) between AVAX and LINK - limited diversification",
      "value": 0.9252
    },
    {
      "severity": "info",
      "alert_type": "correlation",
      "coin": "BNB/BTC",
      "message": "High correlation (0.91) between BNB and BTC - limited diversification",
      "value": 0.9083
    },
    {
      "severity": "info",
      "alert_type": "correlation",
      "coin": "BTC/ETH",
      "message": "High correlation (0.92) between BTC and ETH - limited diversification",
      "value": 0.9233
    },
    {
      "severity": "info",
      "alert_type": "correlation",
      "coin": "BTC/LINK",
      "message": "High correlation (0.92) between BTC and LINK - limited diversification",
      "value": 0.9196
    },
    {
      "severity": "info",
      "alert_type": "correlation",
      "coin": "BTC/SOL",
      "message": "High correlation (0.92) between BTC and SOL - limited diversification",
      "value": 0.9202
    },
    {
      "severity": "info",
      "alert_type": "correlation",
      "coin": "ETH/LINK",
      "message": "High correlation (0.96) between ETH and LINK - limited diversification",
      "value": 0.9552
    },
    {
      "severity": "info",
      "alert_type": "correlation",
      "coin": "ETH/SOL",
      "message": "High correlation (0.93) between ETH and SOL - limited diversification",
      "value": 0.9275
    },
    {
      "severity": "info",
      "alert_type": "correlation",
      "coin": "LINK/LTC",
      "message": "High correlation (0.90) between LINK and LTC - limited diversification",
      "value": 0.9017
    },
    {
      "severity": "info",
      "alert_type": "correlation",
      "coin": "LINK/SOL",
      "message": "High correlation (0.94) between LINK and SOL - limited diversification",
      "value": 0.9447
    }
  ]
}