{
  "timestamp": "2026-03-27T16:03:43.469419",
  "portfolio_summary": {
    "total_coins": 13,
    "portfolio_var_95_1d": -4.34,
    "portfolio_cvar_95_1d": -7.72,
    "risk_level": "HIGH"
  },
  "correlation_matrix": {
    "coins": [
      "ADA",
      "ATOM",
      "AVAX",
      "BNB",
      "BTC",
      "DOGE",
      "DOT",
      "ETH",
      "LINK",
      "LTC",
      "NEAR",
      "SOL",
      "XRP"
    ],
    "values": [
      [
        1.0,
        0.7005,
        0.9217,
        0.8234,
        0.8258,
        0.9257,
        0.852,
        0.8679,
        0.9404,
        0.8815,
        0.8325,
        0.867,
        0.8677
      ],
      [
        0.7005,
        1.0,
        0.6814,
        0.6161,
        0.6359,
        0.6639,
        0.5165,
        0.6516,
        0.6712,
        0.6725,
        0.6204,
        0.6259,
        0.6434
      ],
      [
        0.9217,
        0.6814,
        1.0,
        0.8427,
        0.8635,
        0.871,
        0.8412,
        0.8754,
        0.9336,
        0.8927,
        0.8623,
        0.8873,
        0.8174
      ],
      [
        0.8234,
        0.6161,
        0.8427,
        1.0,
        0.9124,
        0.7848,
        0.6979,
        0.8984,
        0.8997,
        0.8387,
        0.7617,
        0.8993,
        0.8275
      ],
      [
        0.8258,
        0.6359,
        0.8635,
        0.9124,
        1.0,
        0.7979,
        0.659,
        0.9315,
        0.9232,
        0.8486,
        0.7648,
        0.9249,
        0.8918
      ],
      [
        0.9257,
        0.6639,
        0.871,
        0.7848,
        0.7979,
        1.0,
        0.738,
        0.8216,
        0.8686,
        0.8061,
        0.7484,
        0.8122,
        0.8251
      ],
      [
        0.852,
        0.5165,
        0.8412,
        0.6979,
        0.659,
        0.738,
        1.0,
        0.7396,
        0.8105,
        0.8078,
        0.8273,
        0.7417,
        0.6765
      ],
      [
        0.8679,
        0.6516,
        0.8754,
        0.8984,
        0.9315,
        0.8216,
        0.7396,
        1.0,
        0.9584,
        0.8499,
        0.8063,
        0.9325,
        0.8585
      ],
      [
        0.9404,
        0.6712,
        0.9336,
        0.8997,
        0.9232,
        0.8686,
        0.8105,
        0.9584,
        1.0,
        0.9057,
        0.8404,
        0.9451,
        0.883
      ],
      [
        0.8815,
        0.6725,
        0.8927,
        0.8387,
        0.8486,
        0.8061,
        0.8078,
        0.8499,
        0.9057,
        1.0,
        0.8145,
        0.8757,
        0.803
      ],
      [
        0.8325,
        0.6204,
        0.8623,
        0.7617,
        0.7648,
        0.7484,
        0.8273,
        0.8063,
        0.8404,
        0.8145,
        1.0,
        0.811,
        0.7411
      ],
      [
        0.867,
        0.6259,
        0.8873,
        0.8993,
        0.9249,
        0.8122,
        0.7417,
        0.9325,
        0.9451,
        0.8757,
        0.811,
        1.0,
        0.8447
      ],
      [
        0.8677,
        0.6434,
        0.8174,
        0.8275,
        0.8918,
        0.8251,
        0.6765,
        0.8585,
        0.883,
        0.803,
        0.7411,
        0.8447,
        1.0
      ]
    ]
  },
  "individual_risk": {
    "ADA": {
      "var_95_1d": -5.33,
      "cvar_95_1d": -8.14,
      "max_dd_30d": -13.7,
      "volatility_30d": 60.59
    },
    "ATOM": {
      "var_95_1d": -5.4,
      "cvar_95_1d": -6.75,
      "max_dd_30d": -14.13,
      "volatility_30d": 46.04
    },
    "AVAX": {
      "var_95_1d": -5.49,
      "cvar_95_1d": -8.36,
      "max_dd_30d": -14.02,
      "volatility_30d": 56.87
    },
    "BNB": {
      "var_95_1d": -3.18,
      "cvar_95_1d": -7.47,
      "max_dd_30d": -7.77,
      "volatility_30d": 35.11
    },
    "BTC": {
      "var_95_1d": -3.91,
      "cvar_95_1d": -6.99,
      "max_dd_30d": -9.37,
      "volatility_30d": 49.75
    },
    "DOGE": {
      "var_95_1d": -5.0,
      "cvar_95_1d": -8.87,
      "max_dd_30d": -12.64,
      "volatility_30d": 65.94
    },
    "DOT": {
      "var_95_1d": -5.5,
      "cvar_95_1d": -9.0,
      "max_dd_30d": -20.9,
      "volatility_30d": 70.75
    },
    "ETH": {
      "var_95_1d": -5.78,
      "cvar_95_1d": -9.18,
      "max_dd_30d": -12.68,
      "volatility_30d": 64.18
    },
    "LINK": {
      "var_95_1d": -5.65,
      "cvar_95_1d": -7.98,
      "max_dd_30d": -12.51,
      "volatility_30d": 57.36
    },
    "LTC": {
      "var_95_1d": -4.17,
      "cvar_95_1d": -7.75,
      "max_dd_30d": -8.91,
      "volatility_30d": 42.41
    },
    "NEAR": {
      "var_95_1d": -4.96,
      "cvar_95_1d": -8.87,
      "max_dd_30d": -18.02,
      "volatility_30d": 94.19
    },
    "SOL": {
      "var_95_1d": -6.01,
      "cvar_95_1d": -8.88,
      "max_dd_30d": -10.6,
      "volatility_30d": 58.74
    },
    "XRP": {
      "var_95_1d": -4.22,
      "cvar_95_1d": -8.21,
      "max_dd_30d": -11.93,
      "volatility_30d": 48.46
    }
  },
  "concentration": {
    "btc_weight_pct": 56.41,
    "eth_weight_pct": 10.22,
    "top3_weight_pct": 74.19,
    "top3_coins": [
      "BTC",
      "ETH",
      "USDT"
    ],
    "total_market_cap_usd": 2434981829550.0,
    "warnings": [
      "BTC dominance very high at 56.4% - market heavily concentrated"
    ]
  },
  "alerts": [
    {
      "severity": "critical",
      "alert_type": "drawdown",
      "coin": "DOT",
      "message": "DOT 30d max drawdown: -20.9%",
      "value": -20.9
    },
    {
      "severity": "warning",
      "alert_type": "drawdown",
      "coin": "ADA",
      "message": "ADA 30d max drawdown: -13.7%",
      "value": -13.7
    },
    {
      "severity": "warning",
      "alert_type": "drawdown",
      "coin": "ATOM",
      "message": "ATOM 30d max drawdown: -14.1%",
      "value": -14.13
    },
    {
      "severity": "warning",
      "alert_type": "drawdown",
      "coin": "AVAX",
      "message": "AVAX 30d max drawdown: -14.0%",
      "value": -14.02
    },
    {
      "severity": "warning",
      "alert_type": "drawdown",
      "coin": "DOGE",
      "message": "DOGE 30d max drawdown: -12.6%",
      "value": -12.64
    },
    {
      "severity": "warning",
      "alert_type": "drawdown",
      "coin": "ETH",
      "message": "ETH 30d max drawdown: -12.7%",
      "value": -12.68
    },
    {
      "severity": "warning",
      "alert_type": "drawdown",
      "coin": "LINK",
      "message": "LINK 30d max drawdown: -12.5%",
      "value": -12.51
    },
    {
      "severity": "warning",
      "alert_type": "drawdown",
      "coin": "NEAR",
      "message": "NEAR 30d max drawdown: -18.0%",
      "value": -18.02
    },
    {
      "severity": "warning",
      "alert_type": "volatility",
      "coin": "NEAR",
      "message": "NEAR annualized volatility: 94.2% (threshold: 80.0%)",
      "value": 94.19
    },
    {
      "severity": "warning",
      "alert_type": "drawdown",
      "coin": "SOL",
      "message": "SOL 30d max drawdown: -10.6%",
      "value": -10.6
    },
    {
      "severity": "warning",
      "alert_type": "drawdown",
      "coin": "XRP",
      "message": "XRP 30d max drawdown: -11.9%",
      "value": -11.93
    },
    {
      "severity": "info",
      "alert_type": "correlation",
      "coin": "ADA/AVAX",
      "message": "High correlation (0.92) between ADA and AVAX - limited diversification",
      "value": 0.9217
    },
    {
      "severity": "info",
      "alert_type": "correlation",
      "coin": "ADA/DOGE",
      "message": "High correlation (0.93) between ADA and DOGE - limited diversification",
      "value": 0.9257
    },
    {
      "severity": "info",
      "alert_type": "correlation",
      "coin": "ADA/LINK",
      "message": "High correlation (0.94) between ADA and LINK - limited diversification",
      "value": 0.9404
    },
    {
      "severity": "info",
      "alert_type": "correlation",
      "coin": "AVAX/LINK",
      "message": "High correlation (0.93) between AVAX and LINK - limited diversification",
      "value": 0.9336
    },
    {
      "severity": "info",
      "alert_type": "correlation",
      "coin": "BNB/BTC",
      "message": "High correlation (0.91) between BNB and BTC - limited diversification",
      "value": 0.9124
    },
    {
      "severity": "info",
      "alert_type": "correlation",
      "coin": "BTC/ETH",
      "message": "High correlation (0.93) between BTC and ETH - limited diversification",
      "value": 0.9315
    },
    {
      "severity": "info",
      "alert_type": "correlation",
      "coin": "BTC/LINK",
      "message": "High correlation (0.92) between BTC and LINK - limited diversification",
      "value": 0.9232
    },
    {
      "severity": "info",
      "alert_type": "correlation",
      "coin": "BTC/SOL",
      "message": "High correlation (0.92) between BTC and SOL - limited diversification",
      "value": 0.9249
    },
    {
      "severity": "info",
      "alert_type": "correlation",
      "coin": "ETH/LINK",
      "message": "High correlation (0.96) between ETH and LINK - limited diversification",
      "value": 0.9584
    },
    {
      "severity": "info",
      "alert_type": "correlation",
      "coin": "ETH/SOL",
      "message": "High correlation (0.93) between ETH and SOL - limited diversification",
      "value": 0.9325
    },
    {
      "severity": "info",
      "alert_type": "correlation",
      "coin": "LINK/LTC",
      "message": "High correlation (0.91) between LINK and LTC - limited diversification",
      "value": 0.9057
    },
    {
      "severity": "info",
      "alert_type": "correlation",
      "coin": "LINK/SOL",
      "message": "High correlation (0.95) between LINK and SOL - limited diversification",
      "value": 0.9451
    }
  ]
}