{
  "timestamp": "2026-03-26T17:34:15.898231",
  "portfolio_summary": {
    "total_coins": 13,
    "portfolio_var_95_1d": -4.28,
    "portfolio_cvar_95_1d": -7.72,
    "risk_level": "HIGH"
  },
  "correlation_matrix": {
    "coins": [
      "ADA",
      "ATOM",
      "AVAX",
      "BNB",
      "BTC",
      "DOGE",
      "DOT",
      "ETH",
      "LINK",
      "LTC",
      "NEAR",
      "SOL",
      "XRP"
    ],
    "values": [
      [
        1.0,
        0.7011,
        0.9216,
        0.8249,
        0.8243,
        0.9264,
        0.855,
        0.8678,
        0.9403,
        0.8828,
        0.8345,
        0.8671,
        0.8678
      ],
      [
        0.7011,
        1.0,
        0.6813,
        0.6177,
        0.6353,
        0.6655,
        0.52,
        0.6513,
        0.6717,
        0.6727,
        0.622,
        0.6263,
        0.6438
      ],
      [
        0.9216,
        0.6813,
        1.0,
        0.8441,
        0.8624,
        0.8722,
        0.8456,
        0.8752,
        0.9332,
        0.8939,
        0.8643,
        0.8867,
        0.8184
      ],
      [
        0.8249,
        0.6177,
        0.8441,
        1.0,
        0.9107,
        0.7862,
        0.7006,
        0.8992,
        0.9012,
        0.8407,
        0.7645,
        0.9009,
        0.8273
      ],
      [
        0.8243,
        0.6353,
        0.8624,
        0.9107,
        1.0,
        0.7976,
        0.6612,
        0.9302,
        0.9203,
        0.8476,
        0.7644,
        0.9235,
        0.8916
      ],
      [
        0.9264,
        0.6655,
        0.8722,
        0.7862,
        0.7976,
        1.0,
        0.7401,
        0.8221,
        0.8692,
        0.8077,
        0.7506,
        0.8138,
        0.8251
      ],
      [
        0.855,
        0.52,
        0.8456,
        0.7006,
        0.6612,
        0.7401,
        1.0,
        0.7429,
        0.813,
        0.8103,
        0.8289,
        0.7459,
        0.6786
      ],
      [
        0.8678,
        0.6513,
        0.8752,
        0.8992,
        0.9302,
        0.8221,
        0.7429,
        1.0,
        0.958,
        0.8506,
        0.8078,
        0.9325,
        0.8588
      ],
      [
        0.9403,
        0.6717,
        0.9332,
        0.9012,
        0.9203,
        0.8692,
        0.813,
        0.958,
        1.0,
        0.9069,
        0.8426,
        0.9452,
        0.8822
      ],
      [
        0.8828,
        0.6727,
        0.8939,
        0.8407,
        0.8476,
        0.8077,
        0.8103,
        0.8506,
        0.9069,
        1.0,
        0.8164,
        0.8774,
        0.8033
      ],
      [
        0.8345,
        0.622,
        0.8643,
        0.7645,
        0.7644,
        0.7506,
        0.8289,
        0.8078,
        0.8426,
        0.8164,
        1.0,
        0.8136,
        0.7417
      ],
      [
        0.8671,
        0.6263,
        0.8867,
        0.9009,
        0.9235,
        0.8138,
        0.7459,
        0.9325,
        0.9452,
        0.8774,
        0.8136,
        1.0,
        0.8452
      ],
      [
        0.8678,
        0.6438,
        0.8184,
        0.8273,
        0.8916,
        0.8251,
        0.6786,
        0.8588,
        0.8822,
        0.8033,
        0.7417,
        0.8452,
        1.0
      ]
    ]
  },
  "individual_risk": {
    "ADA": {
      "var_95_1d": -5.29,
      "cvar_95_1d": -8.05,
      "max_dd_30d": -15.98,
      "volatility_30d": 78.79
    },
    "ATOM": {
      "var_95_1d": -5.4,
      "cvar_95_1d": -6.75,
      "max_dd_30d": -13.09,
      "volatility_30d": 45.56
    },
    "AVAX": {
      "var_95_1d": -5.38,
      "cvar_95_1d": -8.27,
      "max_dd_30d": -14.02,
      "volatility_30d": 73.87
    },
    "BNB": {
      "var_95_1d": -3.66,
      "cvar_95_1d": -7.47,
      "max_dd_30d": -7.77,
      "volatility_30d": 43.68
    },
    "BTC": {
      "var_95_1d": -3.91,
      "cvar_95_1d": -6.99,
      "max_dd_30d": -9.37,
      "volatility_30d": 52.89
    },
    "DOGE": {
      "var_95_1d": -5.0,
      "cvar_95_1d": -8.87,
      "max_dd_30d": -12.64,
      "volatility_30d": 75.13
    },
    "DOT": {
      "var_95_1d": -5.5,
      "cvar_95_1d": -9.0,
      "max_dd_30d": -20.98,
      "volatility_30d": 139.12
    },
    "ETH": {
      "var_95_1d": -5.78,
      "cvar_95_1d": -9.18,
      "max_dd_30d": -12.68,
      "volatility_30d": 72.62
    },
    "LINK": {
      "var_95_1d": -5.65,
      "cvar_95_1d": -7.98,
      "max_dd_30d": -12.51,
      "volatility_30d": 71.66
    },
    "LTC": {
      "var_95_1d": -4.17,
      "cvar_95_1d": -7.75,
      "max_dd_30d": -8.91,
      "volatility_30d": 56.12
    },
    "NEAR": {
      "var_95_1d": -5.68,
      "cvar_95_1d": -8.89,
      "max_dd_30d": -17.55,
      "volatility_30d": 118.74
    },
    "SOL": {
      "var_95_1d": -6.01,
      "cvar_95_1d": -8.88,
      "max_dd_30d": -10.49,
      "volatility_30d": 68.44
    },
    "XRP": {
      "var_95_1d": -4.22,
      "cvar_95_1d": -8.21,
      "max_dd_30d": -10.47,
      "volatility_30d": 52.26
    }
  },
  "concentration": {
    "btc_weight_pct": 56.48,
    "eth_weight_pct": 10.32,
    "top3_weight_pct": 74.24,
    "top3_coins": [
      "BTC",
      "ETH",
      "USDT"
    ],
    "total_market_cap_usd": 2472605039844.0,
    "warnings": [
      "BTC dominance very high at 56.5% - market heavily concentrated"
    ]
  },
  "alerts": [
    {
      "severity": "critical",
      "alert_type": "drawdown",
      "coin": "DOT",
      "message": "DOT 30d max drawdown: -21.0%",
      "value": -20.98
    },
    {
      "severity": "critical",
      "alert_type": "volatility",
      "coin": "DOT",
      "message": "DOT annualized volatility: 139.1% (threshold: 80.0%)",
      "value": 139.12
    },
    {
      "severity": "warning",
      "alert_type": "drawdown",
      "coin": "ADA",
      "message": "ADA 30d max drawdown: -16.0%",
      "value": -15.98
    },
    {
      "severity": "warning",
      "alert_type": "drawdown",
      "coin": "ATOM",
      "message": "ATOM 30d max drawdown: -13.1%",
      "value": -13.09
    },
    {
      "severity": "warning",
      "alert_type": "drawdown",
      "coin": "AVAX",
      "message": "AVAX 30d max drawdown: -14.0%",
      "value": -14.02
    },
    {
      "severity": "warning",
      "alert_type": "drawdown",
      "coin": "DOGE",
      "message": "DOGE 30d max drawdown: -12.6%",
      "value": -12.64
    },
    {
      "severity": "warning",
      "alert_type": "drawdown",
      "coin": "ETH",
      "message": "ETH 30d max drawdown: -12.7%",
      "value": -12.68
    },
    {
      "severity": "warning",
      "alert_type": "drawdown",
      "coin": "LINK",
      "message": "LINK 30d max drawdown: -12.5%",
      "value": -12.51
    },
    {
      "severity": "warning",
      "alert_type": "drawdown",
      "coin": "NEAR",
      "message": "NEAR 30d max drawdown: -17.6%",
      "value": -17.55
    },
    {
      "severity": "warning",
      "alert_type": "volatility",
      "coin": "NEAR",
      "message": "NEAR annualized volatility: 118.7% (threshold: 80.0%)",
      "value": 118.74
    },
    {
      "severity": "warning",
      "alert_type": "drawdown",
      "coin": "SOL",
      "message": "SOL 30d max drawdown: -10.5%",
      "value": -10.49
    },
    {
      "severity": "warning",
      "alert_type": "drawdown",
      "coin": "XRP",
      "message": "XRP 30d max drawdown: -10.5%",
      "value": -10.47
    },
    {
      "severity": "info",
      "alert_type": "correlation",
      "coin": "ADA/AVAX",
      "message": "High correlation (0.92) between ADA and AVAX - limited diversification",
      "value": 0.9216
    },
    {
      "severity": "info",
      "alert_type": "correlation",
      "coin": "ADA/DOGE",
      "message": "High correlation (0.93) between ADA and DOGE - limited diversification",
      "value": 0.9264
    },
    {
      "severity": "info",
      "alert_type": "correlation",
      "coin": "ADA/LINK",
      "message": "High correlation (0.94) between ADA and LINK - limited diversification",
      "value": 0.9403
    },
    {
      "severity": "info",
      "alert_type": "correlation",
      "coin": "AVAX/LINK",
      "message": "High correlation (0.93) between AVAX and LINK - limited diversification",
      "value": 0.9332
    },
    {
      "severity": "info",
      "alert_type": "correlation",
      "coin": "BNB/BTC",
      "message": "High correlation (0.91) between BNB and BTC - limited diversification",
      "value": 0.9107
    },
    {
      "severity": "info",
      "alert_type": "correlation",
      "coin": "BNB/LINK",
      "message": "High correlation (0.90) between BNB and LINK - limited diversification",
      "value": 0.9012
    },
    {
      "severity": "info",
      "alert_type": "correlation",
      "coin": "BNB/SOL",
      "message": "High correlation (0.90) between BNB and SOL - limited diversification",
      "value": 0.9009
    },
    {
      "severity": "info",
      "alert_type": "correlation",
      "coin": "BTC/ETH",
      "message": "High correlation (0.93) between BTC and ETH - limited diversification",
      "value": 0.9302
    },
    {
      "severity": "info",
      "alert_type": "correlation",
      "coin": "BTC/LINK",
      "message": "High correlation (0.92) between BTC and LINK - limited diversification",
      "value": 0.9203
    },
    {
      "severity": "info",
      "alert_type": "correlation",
      "coin": "BTC/SOL",
      "message": "High correlation (0.92) between BTC and SOL - limited diversification",
      "value": 0.9235
    },
    {
      "severity": "info",
      "alert_type": "correlation",
      "coin": "ETH/LINK",
      "message": "High correlation (0.96) between ETH and LINK - limited diversification",
      "value": 0.958
    },
    {
      "severity": "info",
      "alert_type": "correlation",
      "coin": "ETH/SOL",
      "message": "High correlation (0.93) between ETH and SOL - limited diversification",
      "value": 0.9325
    },
    {
      "severity": "info",
      "alert_type": "correlation",
      "coin": "LINK/LTC",
      "message": "High correlation (0.91) between LINK and LTC - limited diversification",
      "value": 0.9069
    },
    {
      "severity": "info",
      "alert_type": "correlation",
      "coin": "LINK/SOL",
      "message": "High correlation (0.95) between LINK and SOL - limited diversification",
      "value": 0.9452
    }
  ]
}