{
  "timestamp": "2026-03-26T17:21:27.374099",
  "portfolio_summary": {
    "total_coins": 13,
    "portfolio_var_95_1d": -4.28,
    "portfolio_cvar_95_1d": -7.72,
    "risk_level": "HIGH"
  },
  "correlation_matrix": {
    "coins": [
      "ADA",
      "ATOM",
      "AVAX",
      "BNB",
      "BTC",
      "DOGE",
      "DOT",
      "ETH",
      "LINK",
      "LTC",
      "NEAR",
      "SOL",
      "XRP"
    ],
    "values": [
      [
        1.0,
        0.7009,
        0.9216,
        0.8248,
        0.8241,
        0.9264,
        0.8548,
        0.8677,
        0.9403,
        0.8827,
        0.8344,
        0.8671,
        0.8678
      ],
      [
        0.7009,
        1.0,
        0.6811,
        0.6173,
        0.6349,
        0.6652,
        0.5196,
        0.651,
        0.6714,
        0.6724,
        0.6217,
        0.6261,
        0.6438
      ],
      [
        0.9216,
        0.6811,
        1.0,
        0.844,
        0.8623,
        0.8722,
        0.8455,
        0.8751,
        0.9331,
        0.8938,
        0.8642,
        0.8866,
        0.8183
      ],
      [
        0.8248,
        0.6173,
        0.844,
        1.0,
        0.9106,
        0.786,
        0.7003,
        0.8991,
        0.9011,
        0.8406,
        0.7643,
        0.9008,
        0.8273
      ],
      [
        0.8241,
        0.6349,
        0.8623,
        0.9106,
        1.0,
        0.7974,
        0.6609,
        0.9302,
        0.9202,
        0.8474,
        0.7642,
        0.9233,
        0.8916
      ],
      [
        0.9264,
        0.6652,
        0.8722,
        0.786,
        0.7974,
        1.0,
        0.7398,
        0.822,
        0.869,
        0.8075,
        0.7503,
        0.8137,
        0.8252
      ],
      [
        0.8548,
        0.5196,
        0.8455,
        0.7003,
        0.6609,
        0.7398,
        1.0,
        0.7427,
        0.8128,
        0.8101,
        0.8287,
        0.7456,
        0.6784
      ],
      [
        0.8677,
        0.651,
        0.8751,
        0.8991,
        0.9302,
        0.822,
        0.7427,
        1.0,
        0.9579,
        0.8505,
        0.8076,
        0.9324,
        0.8588
      ],
      [
        0.9403,
        0.6714,
        0.9331,
        0.9011,
        0.9202,
        0.869,
        0.8128,
        0.9579,
        1.0,
        0.9069,
        0.8424,
        0.9452,
        0.8823
      ],
      [
        0.8827,
        0.6724,
        0.8938,
        0.8406,
        0.8474,
        0.8075,
        0.8101,
        0.8505,
        0.9069,
        1.0,
        0.8163,
        0.8773,
        0.8033
      ],
      [
        0.8344,
        0.6217,
        0.8642,
        0.7643,
        0.7642,
        0.7503,
        0.8287,
        0.8076,
        0.8424,
        0.8163,
        1.0,
        0.8135,
        0.7417
      ],
      [
        0.8671,
        0.6261,
        0.8866,
        0.9008,
        0.9233,
        0.8137,
        0.7456,
        0.9324,
        0.9452,
        0.8773,
        0.8135,
        1.0,
        0.8452
      ],
      [
        0.8678,
        0.6438,
        0.8183,
        0.8273,
        0.8916,
        0.8252,
        0.6784,
        0.8588,
        0.8823,
        0.8033,
        0.7417,
        0.8452,
        1.0
      ]
    ]
  },
  "individual_risk": {
    "ADA": {
      "var_95_1d": -5.29,
      "cvar_95_1d": -8.05,
      "max_dd_30d": -15.98,
      "volatility_30d": 78.67
    },
    "ATOM": {
      "var_95_1d": -5.4,
      "cvar_95_1d": -6.75,
      "max_dd_30d": -12.92,
      "volatility_30d": 45.44
    },
    "AVAX": {
      "var_95_1d": -5.38,
      "cvar_95_1d": -8.27,
      "max_dd_30d": -14.02,
      "volatility_30d": 73.75
    },
    "BNB": {
      "var_95_1d": -3.66,
      "cvar_95_1d": -7.47,
      "max_dd_30d": -7.77,
      "volatility_30d": 43.56
    },
    "BTC": {
      "var_95_1d": -3.91,
      "cvar_95_1d": -6.99,
      "max_dd_30d": -9.37,
      "volatility_30d": 52.76
    },
    "DOGE": {
      "var_95_1d": -5.0,
      "cvar_95_1d": -8.87,
      "max_dd_30d": -12.64,
      "volatility_30d": 74.9
    },
    "DOT": {
      "var_95_1d": -5.5,
      "cvar_95_1d": -9.0,
      "max_dd_30d": -20.64,
      "volatility_30d": 139.0
    },
    "ETH": {
      "var_95_1d": -5.78,
      "cvar_95_1d": -9.18,
      "max_dd_30d": -12.68,
      "volatility_30d": 72.52
    },
    "LINK": {
      "var_95_1d": -5.65,
      "cvar_95_1d": -7.98,
      "max_dd_30d": -12.51,
      "volatility_30d": 71.55
    },
    "LTC": {
      "var_95_1d": -4.17,
      "cvar_95_1d": -7.75,
      "max_dd_30d": -8.91,
      "volatility_30d": 56.03
    },
    "NEAR": {
      "var_95_1d": -5.68,
      "cvar_95_1d": -8.89,
      "max_dd_30d": -17.32,
      "volatility_30d": 118.6
    },
    "SOL": {
      "var_95_1d": -6.01,
      "cvar_95_1d": -8.88,
      "max_dd_30d": -10.49,
      "volatility_30d": 68.38
    },
    "XRP": {
      "var_95_1d": -4.22,
      "cvar_95_1d": -8.21,
      "max_dd_30d": -10.4,
      "volatility_30d": 52.21
    }
  },
  "concentration": {
    "btc_weight_pct": 56.48,
    "eth_weight_pct": 10.33,
    "top3_weight_pct": 74.24,
    "top3_coins": [
      "BTC",
      "ETH",
      "USDT"
    ],
    "total_market_cap_usd": 2475860463060.0,
    "warnings": [
      "BTC dominance very high at 56.5% - market heavily concentrated"
    ]
  },
  "alerts": [
    {
      "severity": "critical",
      "alert_type": "drawdown",
      "coin": "DOT",
      "message": "DOT 30d max drawdown: -20.6%",
      "value": -20.64
    },
    {
      "severity": "critical",
      "alert_type": "volatility",
      "coin": "DOT",
      "message": "DOT annualized volatility: 139.0% (threshold: 80.0%)",
      "value": 139.0
    },
    {
      "severity": "warning",
      "alert_type": "drawdown",
      "coin": "ADA",
      "message": "ADA 30d max drawdown: -16.0%",
      "value": -15.98
    },
    {
      "severity": "warning",
      "alert_type": "drawdown",
      "coin": "ATOM",
      "message": "ATOM 30d max drawdown: -12.9%",
      "value": -12.92
    },
    {
      "severity": "warning",
      "alert_type": "drawdown",
      "coin": "AVAX",
      "message": "AVAX 30d max drawdown: -14.0%",
      "value": -14.02
    },
    {
      "severity": "warning",
      "alert_type": "drawdown",
      "coin": "DOGE",
      "message": "DOGE 30d max drawdown: -12.6%",
      "value": -12.64
    },
    {
      "severity": "warning",
      "alert_type": "drawdown",
      "coin": "ETH",
      "message": "ETH 30d max drawdown: -12.7%",
      "value": -12.68
    },
    {
      "severity": "warning",
      "alert_type": "drawdown",
      "coin": "LINK",
      "message": "LINK 30d max drawdown: -12.5%",
      "value": -12.51
    },
    {
      "severity": "warning",
      "alert_type": "drawdown",
      "coin": "NEAR",
      "message": "NEAR 30d max drawdown: -17.3%",
      "value": -17.32
    },
    {
      "severity": "warning",
      "alert_type": "volatility",
      "coin": "NEAR",
      "message": "NEAR annualized volatility: 118.6% (threshold: 80.0%)",
      "value": 118.6
    },
    {
      "severity": "warning",
      "alert_type": "drawdown",
      "coin": "SOL",
      "message": "SOL 30d max drawdown: -10.5%",
      "value": -10.49
    },
    {
      "severity": "warning",
      "alert_type": "drawdown",
      "coin": "XRP",
      "message": "XRP 30d max drawdown: -10.4%",
      "value": -10.4
    },
    {
      "severity": "info",
      "alert_type": "correlation",
      "coin": "ADA/AVAX",
      "message": "High correlation (0.92) between ADA and AVAX - limited diversification",
      "value": 0.9216
    },
    {
      "severity": "info",
      "alert_type": "correlation",
      "coin": "ADA/DOGE",
      "message": "High correlation (0.93) between ADA and DOGE - limited diversification",
      "value": 0.9264
    },
    {
      "severity": "info",
      "alert_type": "correlation",
      "coin": "ADA/LINK",
      "message": "High correlation (0.94) between ADA and LINK - limited diversification",
      "value": 0.9403
    },
    {
      "severity": "info",
      "alert_type": "correlation",
      "coin": "AVAX/LINK",
      "message": "High correlation (0.93) between AVAX and LINK - limited diversification",
      "value": 0.9331
    },
    {
      "severity": "info",
      "alert_type": "correlation",
      "coin": "BNB/BTC",
      "message": "High correlation (0.91) between BNB and BTC - limited diversification",
      "value": 0.9106
    },
    {
      "severity": "info",
      "alert_type": "correlation",
      "coin": "BNB/LINK",
      "message": "High correlation (0.90) between BNB and LINK - limited diversification",
      "value": 0.9011
    },
    {
      "severity": "info",
      "alert_type": "correlation",
      "coin": "BNB/SOL",
      "message": "High correlation (0.90) between BNB and SOL - limited diversification",
      "value": 0.9008
    },
    {
      "severity": "info",
      "alert_type": "correlation",
      "coin": "BTC/ETH",
      "message": "High correlation (0.93) between BTC and ETH - limited diversification",
      "value": 0.9302
    },
    {
      "severity": "info",
      "alert_type": "correlation",
      "coin": "BTC/LINK",
      "message": "High correlation (0.92) between BTC and LINK - limited diversification",
      "value": 0.9202
    },
    {
      "severity": "info",
      "alert_type": "correlation",
      "coin": "BTC/SOL",
      "message": "High correlation (0.92) between BTC and SOL - limited diversification",
      "value": 0.9233
    },
    {
      "severity": "info",
      "alert_type": "correlation",
      "coin": "ETH/LINK",
      "message": "High correlation (0.96) between ETH and LINK - limited diversification",
      "value": 0.9579
    },
    {
      "severity": "info",
      "alert_type": "correlation",
      "coin": "ETH/SOL",
      "message": "High correlation (0.93) between ETH and SOL - limited diversification",
      "value": 0.9324
    },
    {
      "severity": "info",
      "alert_type": "correlation",
      "coin": "LINK/LTC",
      "message": "High correlation (0.91) between LINK and LTC - limited diversification",
      "value": 0.9069
    },
    {
      "severity": "info",
      "alert_type": "correlation",
      "coin": "LINK/SOL",
      "message": "High correlation (0.95) between LINK and SOL - limited diversification",
      "value": 0.9452
    }
  ]
}