{
  "timestamp": "2026-03-23T20:00:49.799103",
  "portfolio_summary": {
    "total_coins": 13,
    "portfolio_var_95_1d": -4.28,
    "portfolio_cvar_95_1d": -7.72,
    "risk_level": "HIGH"
  },
  "correlation_matrix": {
    "coins": [
      "ADA",
      "ATOM",
      "AVAX",
      "BNB",
      "BTC",
      "DOGE",
      "DOT",
      "ETH",
      "LINK",
      "LTC",
      "NEAR",
      "SOL",
      "XRP"
    ],
    "values": [
      [
        1.0,
        0.7048,
        0.9202,
        0.8208,
        0.8214,
        0.9243,
        0.8654,
        0.866,
        0.9386,
        0.8783,
        0.838,
        0.8664,
        0.8677
      ],
      [
        0.7048,
        1.0,
        0.6878,
        0.6143,
        0.6366,
        0.6652,
        0.5212,
        0.6532,
        0.6763,
        0.6711,
        0.6201,
        0.6275,
        0.6411
      ],
      [
        0.9202,
        0.6878,
        1.0,
        0.8436,
        0.8579,
        0.871,
        0.8568,
        0.8723,
        0.9327,
        0.889,
        0.8688,
        0.8813,
        0.8194
      ],
      [
        0.8208,
        0.6143,
        0.8436,
        1.0,
        0.9129,
        0.7857,
        0.7064,
        0.8976,
        0.9012,
        0.8425,
        0.7673,
        0.9021,
        0.8287
      ],
      [
        0.8214,
        0.6366,
        0.8579,
        0.9129,
        1.0,
        0.7963,
        0.6712,
        0.927,
        0.9194,
        0.8475,
        0.7674,
        0.9202,
        0.892
      ],
      [
        0.9243,
        0.6652,
        0.871,
        0.7857,
        0.7963,
        1.0,
        0.7476,
        0.8196,
        0.8679,
        0.8052,
        0.7533,
        0.8116,
        0.8263
      ],
      [
        0.8654,
        0.5212,
        0.8568,
        0.7064,
        0.6712,
        0.7476,
        1.0,
        0.7503,
        0.8258,
        0.82,
        0.83,
        0.757,
        0.6805
      ],
      [
        0.866,
        0.6532,
        0.8723,
        0.8976,
        0.927,
        0.8196,
        0.7503,
        1.0,
        0.9577,
        0.8454,
        0.8091,
        0.9301,
        0.8587
      ],
      [
        0.9386,
        0.6763,
        0.9327,
        0.9012,
        0.9194,
        0.8679,
        0.8258,
        0.9577,
        1.0,
        0.9035,
        0.8491,
        0.9447,
        0.8856
      ],
      [
        0.8783,
        0.6711,
        0.889,
        0.8425,
        0.8475,
        0.8052,
        0.82,
        0.8454,
        0.9035,
        1.0,
        0.8207,
        0.8757,
        0.8036
      ],
      [
        0.838,
        0.6201,
        0.8688,
        0.7673,
        0.7674,
        0.7533,
        0.83,
        0.8091,
        0.8491,
        0.8207,
        1.0,
        0.817,
        0.7419
      ],
      [
        0.8664,
        0.6275,
        0.8813,
        0.9021,
        0.9202,
        0.8116,
        0.757,
        0.9301,
        0.9447,
        0.8757,
        0.817,
        1.0,
        0.8448
      ],
      [
        0.8677,
        0.6411,
        0.8194,
        0.8287,
        0.892,
        0.8263,
        0.6805,
        0.8587,
        0.8856,
        0.8036,
        0.7419,
        0.8448,
        1.0
      ]
    ]
  },
  "individual_risk": {
    "ADA": {
      "var_95_1d": -5.29,
      "cvar_95_1d": -8.05,
      "max_dd_30d": -15.98,
      "volatility_30d": 77.33
    },
    "ATOM": {
      "var_95_1d": -5.4,
      "cvar_95_1d": -6.75,
      "max_dd_30d": -22.82,
      "volatility_30d": 52.2
    },
    "AVAX": {
      "var_95_1d": -5.38,
      "cvar_95_1d": -8.27,
      "max_dd_30d": -14.18,
      "volatility_30d": 74.32
    },
    "BNB": {
      "var_95_1d": -3.66,
      "cvar_95_1d": -7.47,
      "max_dd_30d": -7.81,
      "volatility_30d": 44.85
    },
    "BTC": {
      "var_95_1d": -3.91,
      "cvar_95_1d": -6.99,
      "max_dd_30d": -9.37,
      "volatility_30d": 52.73
    },
    "DOGE": {
      "var_95_1d": -5.0,
      "cvar_95_1d": -8.87,
      "max_dd_30d": -12.77,
      "volatility_30d": 73.38
    },
    "DOT": {
      "var_95_1d": -5.5,
      "cvar_95_1d": -9.0,
      "max_dd_30d": -15.51,
      "volatility_30d": 139.65
    },
    "ETH": {
      "var_95_1d": -5.78,
      "cvar_95_1d": -9.18,
      "max_dd_30d": -12.88,
      "volatility_30d": 73.05
    },
    "LINK": {
      "var_95_1d": -5.65,
      "cvar_95_1d": -7.98,
      "max_dd_30d": -12.84,
      "volatility_30d": 71.2
    },
    "LTC": {
      "var_95_1d": -4.17,
      "cvar_95_1d": -7.75,
      "max_dd_30d": -8.91,
      "volatility_30d": 56.31
    },
    "NEAR": {
      "var_95_1d": -5.68,
      "cvar_95_1d": -8.89,
      "max_dd_30d": -15.32,
      "volatility_30d": 119.55
    },
    "SOL": {
      "var_95_1d": -6.01,
      "cvar_95_1d": -8.88,
      "max_dd_30d": -10.57,
      "volatility_30d": 68.75
    },
    "XRP": {
      "var_95_1d": -4.22,
      "cvar_95_1d": -8.21,
      "max_dd_30d": -11.09,
      "volatility_30d": 52.14
    }
  },
  "concentration": {
    "btc_weight_pct": 56.45,
    "eth_weight_pct": 10.18,
    "top3_weight_pct": 74.21,
    "top3_coins": [
      "BTC",
      "ETH",
      "USDT"
    ],
    "total_market_cap_usd": 2428632247431.0,
    "warnings": [
      "BTC dominance very high at 56.4% - market heavily concentrated"
    ]
  },
  "alerts": [
    {
      "severity": "critical",
      "alert_type": "drawdown",
      "coin": "ATOM",
      "message": "ATOM 30d max drawdown: -22.8%",
      "value": -22.82
    },
    {
      "severity": "critical",
      "alert_type": "volatility",
      "coin": "DOT",
      "message": "DOT annualized volatility: 139.7% (threshold: 80.0%)",
      "value": 139.65
    },
    {
      "severity": "warning",
      "alert_type": "drawdown",
      "coin": "ADA",
      "message": "ADA 30d max drawdown: -16.0%",
      "value": -15.98
    },
    {
      "severity": "warning",
      "alert_type": "drawdown",
      "coin": "AVAX",
      "message": "AVAX 30d max drawdown: -14.2%",
      "value": -14.18
    },
    {
      "severity": "warning",
      "alert_type": "drawdown",
      "coin": "DOGE",
      "message": "DOGE 30d max drawdown: -12.8%",
      "value": -12.77
    },
    {
      "severity": "warning",
      "alert_type": "drawdown",
      "coin": "DOT",
      "message": "DOT 30d max drawdown: -15.5%",
      "value": -15.51
    },
    {
      "severity": "warning",
      "alert_type": "drawdown",
      "coin": "ETH",
      "message": "ETH 30d max drawdown: -12.9%",
      "value": -12.88
    },
    {
      "severity": "warning",
      "alert_type": "drawdown",
      "coin": "LINK",
      "message": "LINK 30d max drawdown: -12.8%",
      "value": -12.84
    },
    {
      "severity": "warning",
      "alert_type": "drawdown",
      "coin": "NEAR",
      "message": "NEAR 30d max drawdown: -15.3%",
      "value": -15.32
    },
    {
      "severity": "warning",
      "alert_type": "volatility",
      "coin": "NEAR",
      "message": "NEAR annualized volatility: 119.5% (threshold: 80.0%)",
      "value": 119.55
    },
    {
      "severity": "warning",
      "alert_type": "drawdown",
      "coin": "SOL",
      "message": "SOL 30d max drawdown: -10.6%",
      "value": -10.57
    },
    {
      "severity": "warning",
      "alert_type": "drawdown",
      "coin": "XRP",
      "message": "XRP 30d max drawdown: -11.1%",
      "value": -11.09
    },
    {
      "severity": "info",
      "alert_type": "correlation",
      "coin": "ADA/AVAX",
      "message": "High correlation (0.92) between ADA and AVAX - limited diversification",
      "value": 0.9202
    },
    {
      "severity": "info",
      "alert_type": "correlation",
      "coin": "ADA/DOGE",
      "message": "High correlation (0.92) between ADA and DOGE - limited diversification",
      "value": 0.9243
    },
    {
      "severity": "info",
      "alert_type": "correlation",
      "coin": "ADA/LINK",
      "message": "High correlation (0.94) between ADA and LINK - limited diversification",
      "value": 0.9386
    },
    {
      "severity": "info",
      "alert_type": "correlation",
      "coin": "AVAX/LINK",
      "message": "High correlation (0.93) between AVAX and LINK - limited diversification",
      "value": 0.9327
    },
    {
      "severity": "info",
      "alert_type": "correlation",
      "coin": "BNB/BTC",
      "message": "High correlation (0.91) between BNB and BTC - limited diversification",
      "value": 0.9129
    },
    {
      "severity": "info",
      "alert_type": "correlation",
      "coin": "BNB/LINK",
      "message": "High correlation (0.90) between BNB and LINK - limited diversification",
      "value": 0.9012
    },
    {
      "severity": "info",
      "alert_type": "correlation",
      "coin": "BNB/SOL",
      "message": "High correlation (0.90) between BNB and SOL - limited diversification",
      "value": 0.9021
    },
    {
      "severity": "info",
      "alert_type": "correlation",
      "coin": "BTC/ETH",
      "message": "High correlation (0.93) between BTC and ETH - limited diversification",
      "value": 0.927
    },
    {
      "severity": "info",
      "alert_type": "correlation",
      "coin": "BTC/LINK",
      "message": "High correlation (0.92) between BTC and LINK - limited diversification",
      "value": 0.9194
    },
    {
      "severity": "info",
      "alert_type": "correlation",
      "coin": "BTC/SOL",
      "message": "High correlation (0.92) between BTC and SOL - limited diversification",
      "value": 0.9202
    },
    {
      "severity": "info",
      "alert_type": "correlation",
      "coin": "ETH/LINK",
      "message": "High correlation (0.96) between ETH and LINK - limited diversification",
      "value": 0.9577
    },
    {
      "severity": "info",
      "alert_type": "correlation",
      "coin": "ETH/SOL",
      "message": "High correlation (0.93) between ETH and SOL - limited diversification",
      "value": 0.9301
    },
    {
      "severity": "info",
      "alert_type": "correlation",
      "coin": "LINK/LTC",
      "message": "High correlation (0.90) between LINK and LTC - limited diversification",
      "value": 0.9035
    },
    {
      "severity": "info",
      "alert_type": "correlation",
      "coin": "LINK/SOL",
      "message": "High correlation (0.94) between LINK and SOL - limited diversification",
      "value": 0.9447
    }
  ]
}