{
  "timestamp": "2026-03-24T20:00:42.039048",
  "portfolio_summary": {
    "total_coins": 13,
    "portfolio_var_95_1d": -4.28,
    "portfolio_cvar_95_1d": -7.72,
    "risk_level": "HIGH"
  },
  "correlation_matrix": {
    "coins": [
      "ADA",
      "ATOM",
      "AVAX",
      "BNB",
      "BTC",
      "DOGE",
      "DOT",
      "ETH",
      "LINK",
      "LTC",
      "NEAR",
      "SOL",
      "XRP"
    ],
    "values": [
      [
        1.0,
        0.7014,
        0.9201,
        0.8211,
        0.8231,
        0.9246,
        0.8601,
        0.868,
        0.9387,
        0.8794,
        0.8373,
        0.8669,
        0.8681
      ],
      [
        0.7014,
        1.0,
        0.681,
        0.612,
        0.6304,
        0.6618,
        0.5179,
        0.6508,
        0.6707,
        0.6654,
        0.6176,
        0.6213,
        0.6403
      ],
      [
        0.9201,
        0.681,
        1.0,
        0.8423,
        0.8613,
        0.8715,
        0.8472,
        0.8753,
        0.9329,
        0.8908,
        0.8654,
        0.884,
        0.8197
      ],
      [
        0.8211,
        0.612,
        0.8423,
        1.0,
        0.911,
        0.7862,
        0.7035,
        0.8976,
        0.8997,
        0.8421,
        0.7673,
        0.8995,
        0.8296
      ],
      [
        0.8231,
        0.6304,
        0.8613,
        0.911,
        1.0,
        0.7983,
        0.6625,
        0.9293,
        0.9212,
        0.8498,
        0.7659,
        0.9226,
        0.8919
      ],
      [
        0.9246,
        0.6618,
        0.8715,
        0.7862,
        0.7983,
        1.0,
        0.7429,
        0.822,
        0.8681,
        0.8069,
        0.7528,
        0.8128,
        0.8275
      ],
      [
        0.8601,
        0.5179,
        0.8472,
        0.7035,
        0.6625,
        0.7429,
        1.0,
        0.7447,
        0.817,
        0.8123,
        0.8283,
        0.747,
        0.6786
      ],
      [
        0.868,
        0.6508,
        0.8753,
        0.8976,
        0.9293,
        0.822,
        0.7447,
        1.0,
        0.9587,
        0.8493,
        0.809,
        0.9313,
        0.8588
      ],
      [
        0.9387,
        0.6707,
        0.9329,
        0.8997,
        0.9212,
        0.8681,
        0.817,
        0.9587,
        1.0,
        0.9049,
        0.8462,
        0.945,
        0.8842
      ],
      [
        0.8794,
        0.6654,
        0.8908,
        0.8421,
        0.8498,
        0.8069,
        0.8123,
        0.8493,
        0.9049,
        1.0,
        0.8194,
        0.8781,
        0.8053
      ],
      [
        0.8373,
        0.6176,
        0.8654,
        0.7673,
        0.7659,
        0.7528,
        0.8283,
        0.809,
        0.8462,
        0.8194,
        1.0,
        0.8137,
        0.7424
      ],
      [
        0.8669,
        0.6213,
        0.884,
        0.8995,
        0.9226,
        0.8128,
        0.747,
        0.9313,
        0.945,
        0.8781,
        0.8137,
        1.0,
        0.8437
      ],
      [
        0.8681,
        0.6403,
        0.8197,
        0.8296,
        0.8919,
        0.8275,
        0.6786,
        0.8588,
        0.8842,
        0.8053,
        0.7424,
        0.8437,
        1.0
      ]
    ]
  },
  "individual_risk": {
    "ADA": {
      "var_95_1d": -5.29,
      "cvar_95_1d": -8.05,
      "max_dd_30d": -15.98,
      "volatility_30d": 78.37
    },
    "ATOM": {
      "var_95_1d": -5.4,
      "cvar_95_1d": -6.75,
      "max_dd_30d": -17.99,
      "volatility_30d": 52.05
    },
    "AVAX": {
      "var_95_1d": -5.38,
      "cvar_95_1d": -8.27,
      "max_dd_30d": -14.02,
      "volatility_30d": 76.32
    },
    "BNB": {
      "var_95_1d": -3.66,
      "cvar_95_1d": -7.47,
      "max_dd_30d": -7.77,
      "volatility_30d": 44.8
    },
    "BTC": {
      "var_95_1d": -3.91,
      "cvar_95_1d": -6.99,
      "max_dd_30d": -9.37,
      "volatility_30d": 54.86
    },
    "DOGE": {
      "var_95_1d": -5.0,
      "cvar_95_1d": -8.87,
      "max_dd_30d": -12.64,
      "volatility_30d": 74.46
    },
    "DOT": {
      "var_95_1d": -5.5,
      "cvar_95_1d": -9.0,
      "max_dd_30d": -15.99,
      "volatility_30d": 139.09
    },
    "ETH": {
      "var_95_1d": -5.78,
      "cvar_95_1d": -9.18,
      "max_dd_30d": -12.68,
      "volatility_30d": 74.68
    },
    "LINK": {
      "var_95_1d": -5.65,
      "cvar_95_1d": -7.98,
      "max_dd_30d": -12.51,
      "volatility_30d": 72.74
    },
    "LTC": {
      "var_95_1d": -4.17,
      "cvar_95_1d": -7.75,
      "max_dd_30d": -8.91,
      "volatility_30d": 57.2
    },
    "NEAR": {
      "var_95_1d": -5.68,
      "cvar_95_1d": -8.89,
      "max_dd_30d": -14.53,
      "volatility_30d": 118.58
    },
    "SOL": {
      "var_95_1d": -6.01,
      "cvar_95_1d": -8.88,
      "max_dd_30d": -10.49,
      "volatility_30d": 71.01
    },
    "XRP": {
      "var_95_1d": -4.22,
      "cvar_95_1d": -8.21,
      "max_dd_30d": -10.28,
      "volatility_30d": 52.64
    }
  },
  "concentration": {
    "btc_weight_pct": 0,
    "eth_weight_pct": 0,
    "top3_weight_pct": 0,
    "top3_coins": [],
    "total_market_cap_usd": 0,
    "warnings": [
      "Could not fetch market cap data from CoinGecko"
    ]
  },
  "alerts": [
    {
      "severity": "critical",
      "alert_type": "volatility",
      "coin": "DOT",
      "message": "DOT annualized volatility: 139.1% (threshold: 80.0%)",
      "value": 139.09
    },
    {
      "severity": "warning",
      "alert_type": "drawdown",
      "coin": "ADA",
      "message": "ADA 30d max drawdown: -16.0%",
      "value": -15.98
    },
    {
      "severity": "warning",
      "alert_type": "drawdown",
      "coin": "ATOM",
      "message": "ATOM 30d max drawdown: -18.0%",
      "value": -17.99
    },
    {
      "severity": "warning",
      "alert_type": "drawdown",
      "coin": "AVAX",
      "message": "AVAX 30d max drawdown: -14.0%",
      "value": -14.02
    },
    {
      "severity": "warning",
      "alert_type": "drawdown",
      "coin": "DOGE",
      "message": "DOGE 30d max drawdown: -12.6%",
      "value": -12.64
    },
    {
      "severity": "warning",
      "alert_type": "drawdown",
      "coin": "DOT",
      "message": "DOT 30d max drawdown: -16.0%",
      "value": -15.99
    },
    {
      "severity": "warning",
      "alert_type": "drawdown",
      "coin": "ETH",
      "message": "ETH 30d max drawdown: -12.7%",
      "value": -12.68
    },
    {
      "severity": "warning",
      "alert_type": "drawdown",
      "coin": "LINK",
      "message": "LINK 30d max drawdown: -12.5%",
      "value": -12.51
    },
    {
      "severity": "warning",
      "alert_type": "drawdown",
      "coin": "NEAR",
      "message": "NEAR 30d max drawdown: -14.5%",
      "value": -14.53
    },
    {
      "severity": "warning",
      "alert_type": "volatility",
      "coin": "NEAR",
      "message": "NEAR annualized volatility: 118.6% (threshold: 80.0%)",
      "value": 118.58
    },
    {
      "severity": "warning",
      "alert_type": "drawdown",
      "coin": "SOL",
      "message": "SOL 30d max drawdown: -10.5%",
      "value": -10.49
    },
    {
      "severity": "warning",
      "alert_type": "drawdown",
      "coin": "XRP",
      "message": "XRP 30d max drawdown: -10.3%",
      "value": -10.28
    },
    {
      "severity": "info",
      "alert_type": "correlation",
      "coin": "ADA/AVAX",
      "message": "High correlation (0.92) between ADA and AVAX - limited diversification",
      "value": 0.9201
    },
    {
      "severity": "info",
      "alert_type": "correlation",
      "coin": "ADA/DOGE",
      "message": "High correlation (0.92) between ADA and DOGE - limited diversification",
      "value": 0.9246
    },
    {
      "severity": "info",
      "alert_type": "correlation",
      "coin": "ADA/LINK",
      "message": "High correlation (0.94) between ADA and LINK - limited diversification",
      "value": 0.9387
    },
    {
      "severity": "info",
      "alert_type": "correlation",
      "coin": "AVAX/LINK",
      "message": "High correlation (0.93) between AVAX and LINK - limited diversification",
      "value": 0.9329
    },
    {
      "severity": "info",
      "alert_type": "correlation",
      "coin": "BNB/BTC",
      "message": "High correlation (0.91) between BNB and BTC - limited diversification",
      "value": 0.911
    },
    {
      "severity": "info",
      "alert_type": "correlation",
      "coin": "BTC/ETH",
      "message": "High correlation (0.93) between BTC and ETH - limited diversification",
      "value": 0.9293
    },
    {
      "severity": "info",
      "alert_type": "correlation",
      "coin": "BTC/LINK",
      "message": "High correlation (0.92) between BTC and LINK - limited diversification",
      "value": 0.9212
    },
    {
      "severity": "info",
      "alert_type": "correlation",
      "coin": "BTC/SOL",
      "message": "High correlation (0.92) between BTC and SOL - limited diversification",
      "value": 0.9226
    },
    {
      "severity": "info",
      "alert_type": "correlation",
      "coin": "ETH/LINK",
      "message": "High correlation (0.96) between ETH and LINK - limited diversification",
      "value": 0.9587
    },
    {
      "severity": "info",
      "alert_type": "correlation",
      "coin": "ETH/SOL",
      "message": "High correlation (0.93) between ETH and SOL - limited diversification",
      "value": 0.9313
    },
    {
      "severity": "info",
      "alert_type": "correlation",
      "coin": "LINK/LTC",
      "message": "High correlation (0.90) between LINK and LTC - limited diversification",
      "value": 0.9049
    },
    {
      "severity": "info",
      "alert_type": "correlation",
      "coin": "LINK/SOL",
      "message": "High correlation (0.94) between LINK and SOL - limited diversification",
      "value": 0.945
    }
  ]
}