{
  "timestamp": "2026-03-27T00:11:23.313642",
  "portfolio_summary": {
    "total_coins": 13,
    "portfolio_var_95_1d": -4.28,
    "portfolio_cvar_95_1d": -7.72,
    "risk_level": "HIGH"
  },
  "correlation_matrix": {
    "coins": [
      "ADA",
      "ATOM",
      "AVAX",
      "BNB",
      "BTC",
      "DOGE",
      "DOT",
      "ETH",
      "LINK",
      "LTC",
      "NEAR",
      "SOL",
      "XRP"
    ],
    "values": [
      [
        1.0,
        0.6994,
        0.9214,
        0.8234,
        0.8249,
        0.9262,
        0.8523,
        0.8675,
        0.9401,
        0.8816,
        0.8323,
        0.8663,
        0.8675
      ],
      [
        0.6994,
        1.0,
        0.6799,
        0.6153,
        0.6345,
        0.6636,
        0.5163,
        0.65,
        0.6699,
        0.6706,
        0.619,
        0.6242,
        0.6426
      ],
      [
        0.9214,
        0.6799,
        1.0,
        0.8431,
        0.8629,
        0.872,
        0.8425,
        0.875,
        0.9335,
        0.8931,
        0.8626,
        0.8865,
        0.8175
      ],
      [
        0.8234,
        0.6153,
        0.8431,
        1.0,
        0.9123,
        0.785,
        0.6973,
        0.8985,
        0.8998,
        0.8389,
        0.7613,
        0.8999,
        0.8271
      ],
      [
        0.8249,
        0.6345,
        0.8629,
        0.9123,
        1.0,
        0.7978,
        0.6589,
        0.9312,
        0.9226,
        0.8485,
        0.7643,
        0.9246,
        0.8917
      ],
      [
        0.9262,
        0.6636,
        0.872,
        0.785,
        0.7978,
        1.0,
        0.737,
        0.822,
        0.8691,
        0.8064,
        0.748,
        0.813,
        0.8247
      ],
      [
        0.8523,
        0.5163,
        0.8425,
        0.6973,
        0.6589,
        0.737,
        1.0,
        0.7394,
        0.8102,
        0.8082,
        0.8274,
        0.7422,
        0.6762
      ],
      [
        0.8675,
        0.65,
        0.875,
        0.8985,
        0.9312,
        0.822,
        0.7394,
        1.0,
        0.9583,
        0.8495,
        0.8057,
        0.9324,
        0.8582
      ],
      [
        0.9401,
        0.6699,
        0.9335,
        0.8998,
        0.9226,
        0.8691,
        0.8102,
        0.9583,
        1.0,
        0.9056,
        0.8398,
        0.945,
        0.8826
      ],
      [
        0.8816,
        0.6706,
        0.8931,
        0.8389,
        0.8485,
        0.8064,
        0.8082,
        0.8495,
        0.9056,
        1.0,
        0.814,
        0.8759,
        0.8029
      ],
      [
        0.8323,
        0.619,
        0.8626,
        0.7613,
        0.7643,
        0.748,
        0.8274,
        0.8057,
        0.8398,
        0.814,
        1.0,
        0.8109,
        0.7406
      ],
      [
        0.8663,
        0.6242,
        0.8865,
        0.8999,
        0.9246,
        0.813,
        0.7422,
        0.9324,
        0.945,
        0.8759,
        0.8109,
        1.0,
        0.8447
      ],
      [
        0.8675,
        0.6426,
        0.8175,
        0.8271,
        0.8917,
        0.8247,
        0.6762,
        0.8582,
        0.8826,
        0.8029,
        0.7406,
        0.8447,
        1.0
      ]
    ]
  },
  "individual_risk": {
    "ADA": {
      "var_95_1d": -5.29,
      "cvar_95_1d": -8.05,
      "max_dd_30d": -15.98,
      "volatility_30d": 79.7
    },
    "ATOM": {
      "var_95_1d": -5.42,
      "cvar_95_1d": -6.75,
      "max_dd_30d": -13.25,
      "volatility_30d": 45.67
    },
    "AVAX": {
      "var_95_1d": -5.38,
      "cvar_95_1d": -8.27,
      "max_dd_30d": -14.02,
      "volatility_30d": 75.15
    },
    "BNB": {
      "var_95_1d": -3.21,
      "cvar_95_1d": -7.47,
      "max_dd_30d": -7.77,
      "volatility_30d": 44.16
    },
    "BTC": {
      "var_95_1d": -3.94,
      "cvar_95_1d": -6.99,
      "max_dd_30d": -9.37,
      "volatility_30d": 53.39
    },
    "DOGE": {
      "var_95_1d": -5.03,
      "cvar_95_1d": -8.87,
      "max_dd_30d": -12.64,
      "volatility_30d": 75.68
    },
    "DOT": {
      "var_95_1d": -5.55,
      "cvar_95_1d": -9.0,
      "max_dd_30d": -20.45,
      "volatility_30d": 138.94
    },
    "ETH": {
      "var_95_1d": -5.8,
      "cvar_95_1d": -9.18,
      "max_dd_30d": -12.68,
      "volatility_30d": 74.04
    },
    "LINK": {
      "var_95_1d": -5.66,
      "cvar_95_1d": -7.98,
      "max_dd_30d": -12.51,
      "volatility_30d": 72.73
    },
    "LTC": {
      "var_95_1d": -4.2,
      "cvar_95_1d": -7.75,
      "max_dd_30d": -8.91,
      "volatility_30d": 56.41
    },
    "NEAR": {
      "var_95_1d": -4.99,
      "cvar_95_1d": -8.87,
      "max_dd_30d": -17.4,
      "volatility_30d": 118.65
    },
    "SOL": {
      "var_95_1d": -6.01,
      "cvar_95_1d": -8.88,
      "max_dd_30d": -10.49,
      "volatility_30d": 69.58
    },
    "XRP": {
      "var_95_1d": -4.26,
      "cvar_95_1d": -8.21,
      "max_dd_30d": -11.43,
      "volatility_30d": 52.99
    }
  },
  "concentration": {
    "btc_weight_pct": 56.54,
    "eth_weight_pct": 10.19,
    "top3_weight_pct": 74.23,
    "top3_coins": [
      "BTC",
      "ETH",
      "USDT"
    ],
    "total_market_cap_usd": 2452841656636.0,
    "warnings": [
      "BTC dominance very high at 56.5% - market heavily concentrated"
    ]
  },
  "alerts": [
    {
      "severity": "critical",
      "alert_type": "drawdown",
      "coin": "DOT",
      "message": "DOT 30d max drawdown: -20.4%",
      "value": -20.45
    },
    {
      "severity": "critical",
      "alert_type": "volatility",
      "coin": "DOT",
      "message": "DOT annualized volatility: 138.9% (threshold: 80.0%)",
      "value": 138.94
    },
    {
      "severity": "warning",
      "alert_type": "drawdown",
      "coin": "ADA",
      "message": "ADA 30d max drawdown: -16.0%",
      "value": -15.98
    },
    {
      "severity": "warning",
      "alert_type": "drawdown",
      "coin": "ATOM",
      "message": "ATOM 30d max drawdown: -13.2%",
      "value": -13.25
    },
    {
      "severity": "warning",
      "alert_type": "drawdown",
      "coin": "AVAX",
      "message": "AVAX 30d max drawdown: -14.0%",
      "value": -14.02
    },
    {
      "severity": "warning",
      "alert_type": "drawdown",
      "coin": "DOGE",
      "message": "DOGE 30d max drawdown: -12.6%",
      "value": -12.64
    },
    {
      "severity": "warning",
      "alert_type": "drawdown",
      "coin": "ETH",
      "message": "ETH 30d max drawdown: -12.7%",
      "value": -12.68
    },
    {
      "severity": "warning",
      "alert_type": "drawdown",
      "coin": "LINK",
      "message": "LINK 30d max drawdown: -12.5%",
      "value": -12.51
    },
    {
      "severity": "warning",
      "alert_type": "drawdown",
      "coin": "NEAR",
      "message": "NEAR 30d max drawdown: -17.4%",
      "value": -17.4
    },
    {
      "severity": "warning",
      "alert_type": "volatility",
      "coin": "NEAR",
      "message": "NEAR annualized volatility: 118.7% (threshold: 80.0%)",
      "value": 118.65
    },
    {
      "severity": "warning",
      "alert_type": "drawdown",
      "coin": "SOL",
      "message": "SOL 30d max drawdown: -10.5%",
      "value": -10.49
    },
    {
      "severity": "warning",
      "alert_type": "drawdown",
      "coin": "XRP",
      "message": "XRP 30d max drawdown: -11.4%",
      "value": -11.43
    },
    {
      "severity": "info",
      "alert_type": "correlation",
      "coin": "ADA/AVAX",
      "message": "High correlation (0.92) between ADA and AVAX - limited diversification",
      "value": 0.9214
    },
    {
      "severity": "info",
      "alert_type": "correlation",
      "coin": "ADA/DOGE",
      "message": "High correlation (0.93) between ADA and DOGE - limited diversification",
      "value": 0.9262
    },
    {
      "severity": "info",
      "alert_type": "correlation",
      "coin": "ADA/LINK",
      "message": "High correlation (0.94) between ADA and LINK - limited diversification",
      "value": 0.9401
    },
    {
      "severity": "info",
      "alert_type": "correlation",
      "coin": "AVAX/LINK",
      "message": "High correlation (0.93) between AVAX and LINK - limited diversification",
      "value": 0.9335
    },
    {
      "severity": "info",
      "alert_type": "correlation",
      "coin": "BNB/BTC",
      "message": "High correlation (0.91) between BNB and BTC - limited diversification",
      "value": 0.9123
    },
    {
      "severity": "info",
      "alert_type": "correlation",
      "coin": "BTC/ETH",
      "message": "High correlation (0.93) between BTC and ETH - limited diversification",
      "value": 0.9312
    },
    {
      "severity": "info",
      "alert_type": "correlation",
      "coin": "BTC/LINK",
      "message": "High correlation (0.92) between BTC and LINK - limited diversification",
      "value": 0.9226
    },
    {
      "severity": "info",
      "alert_type": "correlation",
      "coin": "BTC/SOL",
      "message": "High correlation (0.92) between BTC and SOL - limited diversification",
      "value": 0.9246
    },
    {
      "severity": "info",
      "alert_type": "correlation",
      "coin": "ETH/LINK",
      "message": "High correlation (0.96) between ETH and LINK - limited diversification",
      "value": 0.9583
    },
    {
      "severity": "info",
      "alert_type": "correlation",
      "coin": "ETH/SOL",
      "message": "High correlation (0.93) between ETH and SOL - limited diversification",
      "value": 0.9324
    },
    {
      "severity": "info",
      "alert_type": "correlation",
      "coin": "LINK/LTC",
      "message": "High correlation (0.91) between LINK and LTC - limited diversification",
      "value": 0.9056
    },
    {
      "severity": "info",
      "alert_type": "correlation",
      "coin": "LINK/SOL",
      "message": "High correlation (0.94) between LINK and SOL - limited diversification",
      "value": 0.945
    }
  ]
}