{
  "timestamp": "2026-03-25T12:00:38.112197",
  "portfolio_summary": {
    "total_coins": 13,
    "portfolio_var_95_1d": -4.28,
    "portfolio_cvar_95_1d": -7.72,
    "risk_level": "HIGH"
  },
  "correlation_matrix": {
    "coins": [
      "ADA",
      "ATOM",
      "AVAX",
      "BNB",
      "BTC",
      "DOGE",
      "DOT",
      "ETH",
      "LINK",
      "LTC",
      "NEAR",
      "SOL",
      "XRP"
    ],
    "values": [
      [
        1.0,
        0.7007,
        0.921,
        0.8205,
        0.8209,
        0.9245,
        0.8582,
        0.8673,
        0.9394,
        0.8793,
        0.8346,
        0.8655,
        0.8665
      ],
      [
        0.7007,
        1.0,
        0.6789,
        0.61,
        0.6285,
        0.6601,
        0.5161,
        0.649,
        0.6693,
        0.6645,
        0.6153,
        0.6211,
        0.6373
      ],
      [
        0.921,
        0.6789,
        1.0,
        0.8417,
        0.8608,
        0.8711,
        0.8476,
        0.8748,
        0.933,
        0.8916,
        0.8645,
        0.8861,
        0.8175
      ],
      [
        0.8205,
        0.61,
        0.8417,
        1.0,
        0.9104,
        0.7852,
        0.7023,
        0.8971,
        0.8996,
        0.8417,
        0.7656,
        0.9001,
        0.8281
      ],
      [
        0.8209,
        0.6285,
        0.8608,
        0.9104,
        1.0,
        0.797,
        0.6623,
        0.9287,
        0.9196,
        0.8482,
        0.7652,
        0.9229,
        0.8923
      ],
      [
        0.9245,
        0.6601,
        0.8711,
        0.7852,
        0.797,
        1.0,
        0.7417,
        0.8212,
        0.8681,
        0.8065,
        0.7508,
        0.8131,
        0.8257
      ],
      [
        0.8582,
        0.5161,
        0.8476,
        0.7023,
        0.6623,
        0.7417,
        1.0,
        0.7441,
        0.8167,
        0.8108,
        0.8282,
        0.7472,
        0.6781
      ],
      [
        0.8673,
        0.649,
        0.8748,
        0.8971,
        0.9287,
        0.8212,
        0.7441,
        1.0,
        0.9584,
        0.8488,
        0.8077,
        0.9321,
        0.8578
      ],
      [
        0.9394,
        0.6693,
        0.933,
        0.8996,
        0.9196,
        0.8681,
        0.8167,
        0.9584,
        1.0,
        0.9055,
        0.8443,
        0.9456,
        0.8829
      ],
      [
        0.8793,
        0.6645,
        0.8916,
        0.8417,
        0.8482,
        0.8065,
        0.8108,
        0.8488,
        0.9055,
        1.0,
        0.8171,
        0.8774,
        0.8037
      ],
      [
        0.8346,
        0.6153,
        0.8645,
        0.7656,
        0.7652,
        0.7508,
        0.8282,
        0.8077,
        0.8443,
        0.8171,
        1.0,
        0.8138,
        0.7416
      ],
      [
        0.8655,
        0.6211,
        0.8861,
        0.9001,
        0.9229,
        0.8131,
        0.7472,
        0.9321,
        0.9456,
        0.8774,
        0.8138,
        1.0,
        0.8453
      ],
      [
        0.8665,
        0.6373,
        0.8175,
        0.8281,
        0.8923,
        0.8257,
        0.6781,
        0.8578,
        0.8829,
        0.8037,
        0.7416,
        0.8453,
        1.0
      ]
    ]
  },
  "individual_risk": {
    "ADA": {
      "var_95_1d": -5.29,
      "cvar_95_1d": -8.05,
      "max_dd_30d": -15.98,
      "volatility_30d": 78.6
    },
    "ATOM": {
      "var_95_1d": -5.42,
      "cvar_95_1d": -6.75,
      "max_dd_30d": -17.99,
      "volatility_30d": 52.13
    },
    "AVAX": {
      "var_95_1d": -5.38,
      "cvar_95_1d": -8.27,
      "max_dd_30d": -14.02,
      "volatility_30d": 76.32
    },
    "BNB": {
      "var_95_1d": -3.67,
      "cvar_95_1d": -7.47,
      "max_dd_30d": -7.77,
      "volatility_30d": 44.79
    },
    "BTC": {
      "var_95_1d": -3.94,
      "cvar_95_1d": -6.99,
      "max_dd_30d": -9.37,
      "volatility_30d": 54.92
    },
    "DOGE": {
      "var_95_1d": -5.03,
      "cvar_95_1d": -8.87,
      "max_dd_30d": -12.64,
      "volatility_30d": 74.48
    },
    "DOT": {
      "var_95_1d": -5.55,
      "cvar_95_1d": -9.0,
      "max_dd_30d": -16.24,
      "volatility_30d": 139.14
    },
    "ETH": {
      "var_95_1d": -5.8,
      "cvar_95_1d": -9.18,
      "max_dd_30d": -12.68,
      "volatility_30d": 74.68
    },
    "LINK": {
      "var_95_1d": -5.66,
      "cvar_95_1d": -7.98,
      "max_dd_30d": -12.51,
      "volatility_30d": 72.69
    },
    "LTC": {
      "var_95_1d": -4.2,
      "cvar_95_1d": -7.75,
      "max_dd_30d": -8.91,
      "volatility_30d": 57.25
    },
    "NEAR": {
      "var_95_1d": -5.68,
      "cvar_95_1d": -8.89,
      "max_dd_30d": -14.53,
      "volatility_30d": 118.84
    },
    "SOL": {
      "var_95_1d": -6.01,
      "cvar_95_1d": -8.88,
      "max_dd_30d": -10.49,
      "volatility_30d": 71.06
    },
    "XRP": {
      "var_95_1d": -4.26,
      "cvar_95_1d": -8.21,
      "max_dd_30d": -10.28,
      "volatility_30d": 52.81
    }
  },
  "concentration": {
    "btc_weight_pct": 0,
    "eth_weight_pct": 0,
    "top3_weight_pct": 0,
    "top3_coins": [],
    "total_market_cap_usd": 0,
    "warnings": [
      "Could not fetch market cap data from CoinGecko"
    ]
  },
  "alerts": [
    {
      "severity": "critical",
      "alert_type": "volatility",
      "coin": "DOT",
      "message": "DOT annualized volatility: 139.1% (threshold: 80.0%)",
      "value": 139.14
    },
    {
      "severity": "warning",
      "alert_type": "drawdown",
      "coin": "ADA",
      "message": "ADA 30d max drawdown: -16.0%",
      "value": -15.98
    },
    {
      "severity": "warning",
      "alert_type": "drawdown",
      "coin": "ATOM",
      "message": "ATOM 30d max drawdown: -18.0%",
      "value": -17.99
    },
    {
      "severity": "warning",
      "alert_type": "drawdown",
      "coin": "AVAX",
      "message": "AVAX 30d max drawdown: -14.0%",
      "value": -14.02
    },
    {
      "severity": "warning",
      "alert_type": "drawdown",
      "coin": "DOGE",
      "message": "DOGE 30d max drawdown: -12.6%",
      "value": -12.64
    },
    {
      "severity": "warning",
      "alert_type": "drawdown",
      "coin": "DOT",
      "message": "DOT 30d max drawdown: -16.2%",
      "value": -16.24
    },
    {
      "severity": "warning",
      "alert_type": "drawdown",
      "coin": "ETH",
      "message": "ETH 30d max drawdown: -12.7%",
      "value": -12.68
    },
    {
      "severity": "warning",
      "alert_type": "drawdown",
      "coin": "LINK",
      "message": "LINK 30d max drawdown: -12.5%",
      "value": -12.51
    },
    {
      "severity": "warning",
      "alert_type": "drawdown",
      "coin": "NEAR",
      "message": "NEAR 30d max drawdown: -14.5%",
      "value": -14.53
    },
    {
      "severity": "warning",
      "alert_type": "volatility",
      "coin": "NEAR",
      "message": "NEAR annualized volatility: 118.8% (threshold: 80.0%)",
      "value": 118.84
    },
    {
      "severity": "warning",
      "alert_type": "drawdown",
      "coin": "SOL",
      "message": "SOL 30d max drawdown: -10.5%",
      "value": -10.49
    },
    {
      "severity": "warning",
      "alert_type": "drawdown",
      "coin": "XRP",
      "message": "XRP 30d max drawdown: -10.3%",
      "value": -10.28
    },
    {
      "severity": "info",
      "alert_type": "correlation",
      "coin": "ADA/AVAX",
      "message": "High correlation (0.92) between ADA and AVAX - limited diversification",
      "value": 0.921
    },
    {
      "severity": "info",
      "alert_type": "correlation",
      "coin": "ADA/DOGE",
      "message": "High correlation (0.92) between ADA and DOGE - limited diversification",
      "value": 0.9245
    },
    {
      "severity": "info",
      "alert_type": "correlation",
      "coin": "ADA/LINK",
      "message": "High correlation (0.94) between ADA and LINK - limited diversification",
      "value": 0.9394
    },
    {
      "severity": "info",
      "alert_type": "correlation",
      "coin": "AVAX/LINK",
      "message": "High correlation (0.93) between AVAX and LINK - limited diversification",
      "value": 0.933
    },
    {
      "severity": "info",
      "alert_type": "correlation",
      "coin": "BNB/BTC",
      "message": "High correlation (0.91) between BNB and BTC - limited diversification",
      "value": 0.9104
    },
    {
      "severity": "info",
      "alert_type": "correlation",
      "coin": "BNB/SOL",
      "message": "High correlation (0.90) between BNB and SOL - limited diversification",
      "value": 0.9001
    },
    {
      "severity": "info",
      "alert_type": "correlation",
      "coin": "BTC/ETH",
      "message": "High correlation (0.93) between BTC and ETH - limited diversification",
      "value": 0.9287
    },
    {
      "severity": "info",
      "alert_type": "correlation",
      "coin": "BTC/LINK",
      "message": "High correlation (0.92) between BTC and LINK - limited diversification",
      "value": 0.9196
    },
    {
      "severity": "info",
      "alert_type": "correlation",
      "coin": "BTC/SOL",
      "message": "High correlation (0.92) between BTC and SOL - limited diversification",
      "value": 0.9229
    },
    {
      "severity": "info",
      "alert_type": "correlation",
      "coin": "ETH/LINK",
      "message": "High correlation (0.96) between ETH and LINK - limited diversification",
      "value": 0.9584
    },
    {
      "severity": "info",
      "alert_type": "correlation",
      "coin": "ETH/SOL",
      "message": "High correlation (0.93) between ETH and SOL - limited diversification",
      "value": 0.9321
    },
    {
      "severity": "info",
      "alert_type": "correlation",
      "coin": "LINK/LTC",
      "message": "High correlation (0.91) between LINK and LTC - limited diversification",
      "value": 0.9055
    },
    {
      "severity": "info",
      "alert_type": "correlation",
      "coin": "LINK/SOL",
      "message": "High correlation (0.95) between LINK and SOL - limited diversification",
      "value": 0.9456
    }
  ]
}