{
  "timestamp": "2026-03-26T20:00:26.960404",
  "portfolio_summary": {
    "total_coins": 13,
    "portfolio_var_95_1d": -4.28,
    "portfolio_cvar_95_1d": -7.72,
    "risk_level": "HIGH"
  },
  "correlation_matrix": {
    "coins": [
      "ADA",
      "ATOM",
      "AVAX",
      "BNB",
      "BTC",
      "DOGE",
      "DOT",
      "ETH",
      "LINK",
      "LTC",
      "NEAR",
      "SOL",
      "XRP"
    ],
    "values": [
      [
        1.0,
        0.7017,
        0.922,
        0.8253,
        0.8248,
        0.9267,
        0.8551,
        0.8687,
        0.9405,
        0.8832,
        0.8349,
        0.8676,
        0.868
      ],
      [
        0.7017,
        1.0,
        0.6823,
        0.6183,
        0.636,
        0.6661,
        0.5207,
        0.6527,
        0.6725,
        0.6734,
        0.6226,
        0.6271,
        0.6445
      ],
      [
        0.922,
        0.6823,
        1.0,
        0.8446,
        0.8628,
        0.873,
        0.8455,
        0.8761,
        0.9336,
        0.8944,
        0.8648,
        0.8874,
        0.8184
      ],
      [
        0.8253,
        0.6183,
        0.8446,
        1.0,
        0.9109,
        0.7866,
        0.701,
        0.8996,
        0.9013,
        0.8411,
        0.7649,
        0.9011,
        0.8277
      ],
      [
        0.8248,
        0.636,
        0.8628,
        0.9109,
        1.0,
        0.7982,
        0.6617,
        0.9304,
        0.9204,
        0.848,
        0.765,
        0.9236,
        0.8918
      ],
      [
        0.9267,
        0.6661,
        0.873,
        0.7866,
        0.7982,
        1.0,
        0.7405,
        0.8234,
        0.8696,
        0.8083,
        0.7511,
        0.8144,
        0.8256
      ],
      [
        0.8551,
        0.5207,
        0.8455,
        0.701,
        0.6617,
        0.7405,
        1.0,
        0.7432,
        0.813,
        0.8105,
        0.8291,
        0.7462,
        0.679
      ],
      [
        0.8687,
        0.6527,
        0.8761,
        0.8996,
        0.9304,
        0.8234,
        0.7432,
        1.0,
        0.9585,
        0.8516,
        0.8088,
        0.9331,
        0.8587
      ],
      [
        0.9405,
        0.6725,
        0.9336,
        0.9013,
        0.9204,
        0.8696,
        0.813,
        0.9585,
        1.0,
        0.9073,
        0.843,
        0.9454,
        0.8821
      ],
      [
        0.8832,
        0.6734,
        0.8944,
        0.8411,
        0.848,
        0.8083,
        0.8105,
        0.8516,
        0.9073,
        1.0,
        0.8169,
        0.8778,
        0.8036
      ],
      [
        0.8349,
        0.6226,
        0.8648,
        0.7649,
        0.765,
        0.7511,
        0.8291,
        0.8088,
        0.843,
        0.8169,
        1.0,
        0.8141,
        0.7423
      ],
      [
        0.8676,
        0.6271,
        0.8874,
        0.9011,
        0.9236,
        0.8144,
        0.7462,
        0.9331,
        0.9454,
        0.8778,
        0.8141,
        1.0,
        0.8454
      ],
      [
        0.868,
        0.6445,
        0.8184,
        0.8277,
        0.8918,
        0.8256,
        0.679,
        0.8587,
        0.8821,
        0.8036,
        0.7423,
        0.8454,
        1.0
      ]
    ]
  },
  "individual_risk": {
    "ADA": {
      "var_95_1d": -5.29,
      "cvar_95_1d": -8.05,
      "max_dd_30d": -15.98,
      "volatility_30d": 79.3
    },
    "ATOM": {
      "var_95_1d": -5.4,
      "cvar_95_1d": -6.75,
      "max_dd_30d": -13.36,
      "volatility_30d": 45.76
    },
    "AVAX": {
      "var_95_1d": -5.38,
      "cvar_95_1d": -8.27,
      "max_dd_30d": -14.02,
      "volatility_30d": 74.82
    },
    "BNB": {
      "var_95_1d": -3.66,
      "cvar_95_1d": -7.47,
      "max_dd_30d": -7.77,
      "volatility_30d": 43.96
    },
    "BTC": {
      "var_95_1d": -3.91,
      "cvar_95_1d": -6.99,
      "max_dd_30d": -9.37,
      "volatility_30d": 53.2
    },
    "DOGE": {
      "var_95_1d": -5.0,
      "cvar_95_1d": -8.87,
      "max_dd_30d": -12.64,
      "volatility_30d": 75.48
    },
    "DOT": {
      "var_95_1d": -5.5,
      "cvar_95_1d": -9.0,
      "max_dd_30d": -21.47,
      "volatility_30d": 139.33
    },
    "ETH": {
      "var_95_1d": -5.78,
      "cvar_95_1d": -9.18,
      "max_dd_30d": -12.68,
      "volatility_30d": 73.76
    },
    "LINK": {
      "var_95_1d": -5.65,
      "cvar_95_1d": -7.98,
      "max_dd_30d": -12.51,
      "volatility_30d": 72.45
    },
    "LTC": {
      "var_95_1d": -4.17,
      "cvar_95_1d": -7.75,
      "max_dd_30d": -8.91,
      "volatility_30d": 56.6
    },
    "NEAR": {
      "var_95_1d": -5.68,
      "cvar_95_1d": -8.89,
      "max_dd_30d": -18.07,
      "volatility_30d": 119.07
    },
    "SOL": {
      "var_95_1d": -6.01,
      "cvar_95_1d": -8.88,
      "max_dd_30d": -10.49,
      "volatility_30d": 69.09
    },
    "XRP": {
      "var_95_1d": -4.22,
      "cvar_95_1d": -8.21,
      "max_dd_30d": -11.03,
      "volatility_30d": 52.65
    }
  },
  "concentration": {
    "btc_weight_pct": 56.56,
    "eth_weight_pct": 10.2,
    "top3_weight_pct": 74.24,
    "top3_coins": [
      "BTC",
      "ETH",
      "USDT"
    ],
    "total_market_cap_usd": 2457046051310.0,
    "warnings": [
      "BTC dominance very high at 56.6% - market heavily concentrated"
    ]
  },
  "alerts": [
    {
      "severity": "critical",
      "alert_type": "drawdown",
      "coin": "DOT",
      "message": "DOT 30d max drawdown: -21.5%",
      "value": -21.47
    },
    {
      "severity": "critical",
      "alert_type": "volatility",
      "coin": "DOT",
      "message": "DOT annualized volatility: 139.3% (threshold: 80.0%)",
      "value": 139.33
    },
    {
      "severity": "warning",
      "alert_type": "drawdown",
      "coin": "ADA",
      "message": "ADA 30d max drawdown: -16.0%",
      "value": -15.98
    },
    {
      "severity": "warning",
      "alert_type": "drawdown",
      "coin": "ATOM",
      "message": "ATOM 30d max drawdown: -13.4%",
      "value": -13.36
    },
    {
      "severity": "warning",
      "alert_type": "drawdown",
      "coin": "AVAX",
      "message": "AVAX 30d max drawdown: -14.0%",
      "value": -14.02
    },
    {
      "severity": "warning",
      "alert_type": "drawdown",
      "coin": "DOGE",
      "message": "DOGE 30d max drawdown: -12.6%",
      "value": -12.64
    },
    {
      "severity": "warning",
      "alert_type": "drawdown",
      "coin": "ETH",
      "message": "ETH 30d max drawdown: -12.7%",
      "value": -12.68
    },
    {
      "severity": "warning",
      "alert_type": "drawdown",
      "coin": "LINK",
      "message": "LINK 30d max drawdown: -12.5%",
      "value": -12.51
    },
    {
      "severity": "warning",
      "alert_type": "drawdown",
      "coin": "NEAR",
      "message": "NEAR 30d max drawdown: -18.1%",
      "value": -18.07
    },
    {
      "severity": "warning",
      "alert_type": "volatility",
      "coin": "NEAR",
      "message": "NEAR annualized volatility: 119.1% (threshold: 80.0%)",
      "value": 119.07
    },
    {
      "severity": "warning",
      "alert_type": "drawdown",
      "coin": "SOL",
      "message": "SOL 30d max drawdown: -10.5%",
      "value": -10.49
    },
    {
      "severity": "warning",
      "alert_type": "drawdown",
      "coin": "XRP",
      "message": "XRP 30d max drawdown: -11.0%",
      "value": -11.03
    },
    {
      "severity": "info",
      "alert_type": "correlation",
      "coin": "ADA/AVAX",
      "message": "High correlation (0.92) between ADA and AVAX - limited diversification",
      "value": 0.922
    },
    {
      "severity": "info",
      "alert_type": "correlation",
      "coin": "ADA/DOGE",
      "message": "High correlation (0.93) between ADA and DOGE - limited diversification",
      "value": 0.9267
    },
    {
      "severity": "info",
      "alert_type": "correlation",
      "coin": "ADA/LINK",
      "message": "High correlation (0.94) between ADA and LINK - limited diversification",
      "value": 0.9405
    },
    {
      "severity": "info",
      "alert_type": "correlation",
      "coin": "AVAX/LINK",
      "message": "High correlation (0.93) between AVAX and LINK - limited diversification",
      "value": 0.9336
    },
    {
      "severity": "info",
      "alert_type": "correlation",
      "coin": "BNB/BTC",
      "message": "High correlation (0.91) between BNB and BTC - limited diversification",
      "value": 0.9109
    },
    {
      "severity": "info",
      "alert_type": "correlation",
      "coin": "BNB/LINK",
      "message": "High correlation (0.90) between BNB and LINK - limited diversification",
      "value": 0.9013
    },
    {
      "severity": "info",
      "alert_type": "correlation",
      "coin": "BNB/SOL",
      "message": "High correlation (0.90) between BNB and SOL - limited diversification",
      "value": 0.9011
    },
    {
      "severity": "info",
      "alert_type": "correlation",
      "coin": "BTC/ETH",
      "message": "High correlation (0.93) between BTC and ETH - limited diversification",
      "value": 0.9304
    },
    {
      "severity": "info",
      "alert_type": "correlation",
      "coin": "BTC/LINK",
      "message": "High correlation (0.92) between BTC and LINK - limited diversification",
      "value": 0.9204
    },
    {
      "severity": "info",
      "alert_type": "correlation",
      "coin": "BTC/SOL",
      "message": "High correlation (0.92) between BTC and SOL - limited diversification",
      "value": 0.9236
    },
    {
      "severity": "info",
      "alert_type": "correlation",
      "coin": "ETH/LINK",
      "message": "High correlation (0.96) between ETH and LINK - limited diversification",
      "value": 0.9585
    },
    {
      "severity": "info",
      "alert_type": "correlation",
      "coin": "ETH/SOL",
      "message": "High correlation (0.93) between ETH and SOL - limited diversification",
      "value": 0.9331
    },
    {
      "severity": "info",
      "alert_type": "correlation",
      "coin": "LINK/LTC",
      "message": "High correlation (0.91) between LINK and LTC - limited diversification",
      "value": 0.9073
    },
    {
      "severity": "info",
      "alert_type": "correlation",
      "coin": "LINK/SOL",
      "message": "High correlation (0.95) between LINK and SOL - limited diversification",
      "value": 0.9454
    }
  ]
}