{
  "timestamp": "2026-03-27T20:00:40.658384",
  "portfolio_summary": {
    "total_coins": 13,
    "portfolio_var_95_1d": -4.34,
    "portfolio_cvar_95_1d": -7.72,
    "risk_level": "HIGH"
  },
  "correlation_matrix": {
    "coins": [
      "ADA",
      "ATOM",
      "AVAX",
      "BNB",
      "BTC",
      "DOGE",
      "DOT",
      "ETH",
      "LINK",
      "LTC",
      "NEAR",
      "SOL",
      "XRP"
    ],
    "values": [
      [
        1.0,
        0.7019,
        0.9218,
        0.824,
        0.8264,
        0.9259,
        0.8526,
        0.8686,
        0.9405,
        0.8821,
        0.833,
        0.8675,
        0.8677
      ],
      [
        0.7019,
        1.0,
        0.6824,
        0.6172,
        0.637,
        0.6652,
        0.5181,
        0.6527,
        0.6725,
        0.6728,
        0.6211,
        0.6274,
        0.6444
      ],
      [
        0.9218,
        0.6824,
        1.0,
        0.8443,
        0.865,
        0.8708,
        0.8415,
        0.8762,
        0.9342,
        0.8922,
        0.8618,
        0.8884,
        0.8168
      ],
      [
        0.824,
        0.6172,
        0.8443,
        1.0,
        0.9134,
        0.785,
        0.6992,
        0.8989,
        0.9005,
        0.8381,
        0.7614,
        0.9004,
        0.8265
      ],
      [
        0.8264,
        0.637,
        0.865,
        0.9134,
        1.0,
        0.7979,
        0.6606,
        0.9318,
        0.9237,
        0.8479,
        0.7645,
        0.9256,
        0.8902
      ],
      [
        0.9259,
        0.6652,
        0.8708,
        0.785,
        0.7979,
        1.0,
        0.7388,
        0.8221,
        0.8687,
        0.8069,
        0.7491,
        0.8126,
        0.8255
      ],
      [
        0.8526,
        0.5181,
        0.8415,
        0.6992,
        0.6606,
        0.7388,
        1.0,
        0.7408,
        0.8113,
        0.8085,
        0.8277,
        0.7428,
        0.6772
      ],
      [
        0.8686,
        0.6527,
        0.8762,
        0.8989,
        0.9318,
        0.8221,
        0.7408,
        1.0,
        0.9586,
        0.85,
        0.8065,
        0.933,
        0.8584
      ],
      [
        0.9405,
        0.6725,
        0.9342,
        0.9005,
        0.9237,
        0.8687,
        0.8113,
        0.9586,
        1.0,
        0.9055,
        0.8403,
        0.9455,
        0.8825
      ],
      [
        0.8821,
        0.6728,
        0.8922,
        0.8381,
        0.8479,
        0.8069,
        0.8085,
        0.85,
        0.9055,
        1.0,
        0.8148,
        0.8755,
        0.8036
      ],
      [
        0.833,
        0.6211,
        0.8618,
        0.7614,
        0.7645,
        0.7491,
        0.8277,
        0.8065,
        0.8403,
        0.8148,
        1.0,
        0.8109,
        0.7416
      ],
      [
        0.8675,
        0.6274,
        0.8884,
        0.9004,
        0.9256,
        0.8126,
        0.7428,
        0.933,
        0.9455,
        0.8755,
        0.8109,
        1.0,
        0.844
      ],
      [
        0.8677,
        0.6444,
        0.8168,
        0.8265,
        0.8902,
        0.8255,
        0.6772,
        0.8584,
        0.8825,
        0.8036,
        0.7416,
        0.844,
        1.0
      ]
    ]
  },
  "individual_risk": {
    "ADA": {
      "var_95_1d": -5.33,
      "cvar_95_1d": -8.14,
      "max_dd_30d": -15.1,
      "volatility_30d": 61.35
    },
    "ATOM": {
      "var_95_1d": -5.4,
      "cvar_95_1d": -6.75,
      "max_dd_30d": -15.6,
      "volatility_30d": 45.9
    },
    "AVAX": {
      "var_95_1d": -5.49,
      "cvar_95_1d": -8.36,
      "max_dd_30d": -16.83,
      "volatility_30d": 58.59
    },
    "BNB": {
      "var_95_1d": -3.19,
      "cvar_95_1d": -7.47,
      "max_dd_30d": -10.34,
      "volatility_30d": 36.81
    },
    "BTC": {
      "var_95_1d": -3.91,
      "cvar_95_1d": -6.99,
      "max_dd_30d": -11.22,
      "volatility_30d": 51.18
    },
    "DOGE": {
      "var_95_1d": -5.0,
      "cvar_95_1d": -8.87,
      "max_dd_30d": -13.12,
      "volatility_30d": 66.46
    },
    "DOT": {
      "var_95_1d": -5.5,
      "cvar_95_1d": -9.0,
      "max_dd_30d": -23.63,
      "volatility_30d": 71.41
    },
    "ETH": {
      "var_95_1d": -5.78,
      "cvar_95_1d": -9.18,
      "max_dd_30d": -15.31,
      "volatility_30d": 65.25
    },
    "LINK": {
      "var_95_1d": -5.65,
      "cvar_95_1d": -7.98,
      "max_dd_30d": -13.39,
      "volatility_30d": 58.61
    },
    "LTC": {
      "var_95_1d": -4.17,
      "cvar_95_1d": -7.75,
      "max_dd_30d": -8.91,
      "volatility_30d": 42.63
    },
    "NEAR": {
      "var_95_1d": -4.96,
      "cvar_95_1d": -8.87,
      "max_dd_30d": -19.89,
      "volatility_30d": 94.59
    },
    "SOL": {
      "var_95_1d": -6.01,
      "cvar_95_1d": -8.88,
      "max_dd_30d": -13.82,
      "volatility_30d": 60.39
    },
    "XRP": {
      "var_95_1d": -4.22,
      "cvar_95_1d": -8.21,
      "max_dd_30d": -13.6,
      "volatility_30d": 48.87
    }
  },
  "concentration": {
    "btc_weight_pct": 56.09,
    "eth_weight_pct": 10.15,
    "top3_weight_pct": 74.0,
    "top3_coins": [
      "BTC",
      "ETH",
      "USDT"
    ],
    "total_market_cap_usd": 2369356745881.0,
    "warnings": [
      "BTC dominance very high at 56.1% - market heavily concentrated"
    ]
  },
  "alerts": [
    {
      "severity": "critical",
      "alert_type": "drawdown",
      "coin": "DOT",
      "message": "DOT 30d max drawdown: -23.6%",
      "value": -23.63
    },
    {
      "severity": "warning",
      "alert_type": "drawdown",
      "coin": "ADA",
      "message": "ADA 30d max drawdown: -15.1%",
      "value": -15.1
    },
    {
      "severity": "warning",
      "alert_type": "drawdown",
      "coin": "ATOM",
      "message": "ATOM 30d max drawdown: -15.6%",
      "value": -15.6
    },
    {
      "severity": "warning",
      "alert_type": "drawdown",
      "coin": "AVAX",
      "message": "AVAX 30d max drawdown: -16.8%",
      "value": -16.83
    },
    {
      "severity": "warning",
      "alert_type": "drawdown",
      "coin": "BNB",
      "message": "BNB 30d max drawdown: -10.3%",
      "value": -10.34
    },
    {
      "severity": "warning",
      "alert_type": "drawdown",
      "coin": "BTC",
      "message": "BTC 30d max drawdown: -11.2%",
      "value": -11.22
    },
    {
      "severity": "warning",
      "alert_type": "drawdown",
      "coin": "DOGE",
      "message": "DOGE 30d max drawdown: -13.1%",
      "value": -13.12
    },
    {
      "severity": "warning",
      "alert_type": "drawdown",
      "coin": "ETH",
      "message": "ETH 30d max drawdown: -15.3%",
      "value": -15.31
    },
    {
      "severity": "warning",
      "alert_type": "drawdown",
      "coin": "LINK",
      "message": "LINK 30d max drawdown: -13.4%",
      "value": -13.39
    },
    {
      "severity": "warning",
      "alert_type": "drawdown",
      "coin": "NEAR",
      "message": "NEAR 30d max drawdown: -19.9%",
      "value": -19.89
    },
    {
      "severity": "warning",
      "alert_type": "volatility",
      "coin": "NEAR",
      "message": "NEAR annualized volatility: 94.6% (threshold: 80.0%)",
      "value": 94.59
    },
    {
      "severity": "warning",
      "alert_type": "drawdown",
      "coin": "SOL",
      "message": "SOL 30d max drawdown: -13.8%",
      "value": -13.82
    },
    {
      "severity": "warning",
      "alert_type": "drawdown",
      "coin": "XRP",
      "message": "XRP 30d max drawdown: -13.6%",
      "value": -13.6
    },
    {
      "severity": "info",
      "alert_type": "correlation",
      "coin": "ADA/AVAX",
      "message": "High correlation (0.92) between ADA and AVAX - limited diversification",
      "value": 0.9218
    },
    {
      "severity": "info",
      "alert_type": "correlation",
      "coin": "ADA/DOGE",
      "message": "High correlation (0.93) between ADA and DOGE - limited diversification",
      "value": 0.9259
    },
    {
      "severity": "info",
      "alert_type": "correlation",
      "coin": "ADA/LINK",
      "message": "High correlation (0.94) between ADA and LINK - limited diversification",
      "value": 0.9405
    },
    {
      "severity": "info",
      "alert_type": "correlation",
      "coin": "AVAX/LINK",
      "message": "High correlation (0.93) between AVAX and LINK - limited diversification",
      "value": 0.9342
    },
    {
      "severity": "info",
      "alert_type": "correlation",
      "coin": "BNB/BTC",
      "message": "High correlation (0.91) between BNB and BTC - limited diversification",
      "value": 0.9134
    },
    {
      "severity": "info",
      "alert_type": "correlation",
      "coin": "BNB/LINK",
      "message": "High correlation (0.90) between BNB and LINK - limited diversification",
      "value": 0.9005
    },
    {
      "severity": "info",
      "alert_type": "correlation",
      "coin": "BNB/SOL",
      "message": "High correlation (0.90) between BNB and SOL - limited diversification",
      "value": 0.9004
    },
    {
      "severity": "info",
      "alert_type": "correlation",
      "coin": "BTC/ETH",
      "message": "High correlation (0.93) between BTC and ETH - limited diversification",
      "value": 0.9318
    },
    {
      "severity": "info",
      "alert_type": "correlation",
      "coin": "BTC/LINK",
      "message": "High correlation (0.92) between BTC and LINK - limited diversification",
      "value": 0.9237
    },
    {
      "severity": "info",
      "alert_type": "correlation",
      "coin": "BTC/SOL",
      "message": "High correlation (0.93) between BTC and SOL - limited diversification",
      "value": 0.9256
    },
    {
      "severity": "info",
      "alert_type": "correlation",
      "coin": "ETH/LINK",
      "message": "High correlation (0.96) between ETH and LINK - limited diversification",
      "value": 0.9586
    },
    {
      "severity": "info",
      "alert_type": "correlation",
      "coin": "ETH/SOL",
      "message": "High correlation (0.93) between ETH and SOL - limited diversification",
      "value": 0.933
    },
    {
      "severity": "info",
      "alert_type": "correlation",
      "coin": "LINK/LTC",
      "message": "High correlation (0.91) between LINK and LTC - limited diversification",
      "value": 0.9055
    },
    {
      "severity": "info",
      "alert_type": "correlation",
      "coin": "LINK/SOL",
      "message": "High correlation (0.95) between LINK and SOL - limited diversification",
      "value": 0.9455
    }
  ]
}