{
  "timestamp": "2026-03-25T20:11:43.149608",
  "portfolio_summary": {
    "total_coins": 13,
    "portfolio_var_95_1d": -4.28,
    "portfolio_cvar_95_1d": -7.72,
    "risk_level": "HIGH"
  },
  "correlation_matrix": {
    "coins": [
      "ADA",
      "ATOM",
      "AVAX",
      "BNB",
      "BTC",
      "DOGE",
      "DOT",
      "ETH",
      "LINK",
      "LTC",
      "NEAR",
      "SOL",
      "XRP"
    ],
    "values": [
      [
        1.0,
        0.7,
        0.9212,
        0.821,
        0.8216,
        0.925,
        0.8559,
        0.8677,
        0.9395,
        0.8787,
        0.834,
        0.8657,
        0.8667
      ],
      [
        0.7,
        1.0,
        0.6788,
        0.6096,
        0.6285,
        0.6597,
        0.5159,
        0.6489,
        0.6687,
        0.6639,
        0.6156,
        0.6209,
        0.6379
      ],
      [
        0.9212,
        0.6788,
        1.0,
        0.8415,
        0.8605,
        0.8711,
        0.8462,
        0.8748,
        0.933,
        0.8914,
        0.864,
        0.8856,
        0.8175
      ],
      [
        0.821,
        0.6096,
        0.8415,
        1.0,
        0.9108,
        0.7856,
        0.7,
        0.8972,
        0.8993,
        0.8404,
        0.7652,
        0.9004,
        0.828
      ],
      [
        0.8216,
        0.6285,
        0.8605,
        0.9108,
        1.0,
        0.7973,
        0.6602,
        0.9288,
        0.9193,
        0.8469,
        0.7648,
        0.9232,
        0.8919
      ],
      [
        0.925,
        0.6597,
        0.8711,
        0.7856,
        0.7973,
        1.0,
        0.7395,
        0.8214,
        0.8684,
        0.8062,
        0.7501,
        0.8131,
        0.8254
      ],
      [
        0.8559,
        0.5159,
        0.8462,
        0.7,
        0.6602,
        0.7395,
        1.0,
        0.7426,
        0.8145,
        0.8096,
        0.8276,
        0.745,
        0.6774
      ],
      [
        0.8677,
        0.6489,
        0.8748,
        0.8972,
        0.9288,
        0.8214,
        0.7426,
        1.0,
        0.9582,
        0.8482,
        0.8074,
        0.932,
        0.8579
      ],
      [
        0.9395,
        0.6687,
        0.933,
        0.8993,
        0.9193,
        0.8684,
        0.8145,
        0.9582,
        1.0,
        0.9052,
        0.8432,
        0.9448,
        0.8826
      ],
      [
        0.8787,
        0.6639,
        0.8914,
        0.8404,
        0.8469,
        0.8062,
        0.8096,
        0.8482,
        0.9052,
        1.0,
        0.8161,
        0.8757,
        0.8034
      ],
      [
        0.834,
        0.6156,
        0.864,
        0.7652,
        0.7648,
        0.7501,
        0.8276,
        0.8074,
        0.8432,
        0.8161,
        1.0,
        0.8134,
        0.7416
      ],
      [
        0.8657,
        0.6209,
        0.8856,
        0.9004,
        0.9232,
        0.8131,
        0.745,
        0.932,
        0.9448,
        0.8757,
        0.8134,
        1.0,
        0.8451
      ],
      [
        0.8667,
        0.6379,
        0.8175,
        0.828,
        0.8919,
        0.8254,
        0.6774,
        0.8579,
        0.8826,
        0.8034,
        0.7416,
        0.8451,
        1.0
      ]
    ]
  },
  "individual_risk": {
    "ADA": {
      "var_95_1d": -5.29,
      "cvar_95_1d": -8.05,
      "max_dd_30d": -15.98,
      "volatility_30d": 77.92
    },
    "ATOM": {
      "var_95_1d": -5.4,
      "cvar_95_1d": -6.75,
      "max_dd_30d": -12.94,
      "volatility_30d": 48.74
    },
    "AVAX": {
      "var_95_1d": -5.38,
      "cvar_95_1d": -8.27,
      "max_dd_30d": -14.02,
      "volatility_30d": 73.06
    },
    "BNB": {
      "var_95_1d": -3.66,
      "cvar_95_1d": -7.47,
      "max_dd_30d": -7.77,
      "volatility_30d": 43.48
    },
    "BTC": {
      "var_95_1d": -3.91,
      "cvar_95_1d": -6.99,
      "max_dd_30d": -9.37,
      "volatility_30d": 52.39
    },
    "DOGE": {
      "var_95_1d": -5.0,
      "cvar_95_1d": -8.87,
      "max_dd_30d": -12.64,
      "volatility_30d": 73.94
    },
    "DOT": {
      "var_95_1d": -5.5,
      "cvar_95_1d": -9.0,
      "max_dd_30d": -17.2,
      "volatility_30d": 138.48
    },
    "ETH": {
      "var_95_1d": -5.78,
      "cvar_95_1d": -9.18,
      "max_dd_30d": -12.68,
      "volatility_30d": 71.93
    },
    "LINK": {
      "var_95_1d": -5.65,
      "cvar_95_1d": -7.98,
      "max_dd_30d": -12.51,
      "volatility_30d": 70.58
    },
    "LTC": {
      "var_95_1d": -4.17,
      "cvar_95_1d": -7.75,
      "max_dd_30d": -8.91,
      "volatility_30d": 55.14
    },
    "NEAR": {
      "var_95_1d": -5.68,
      "cvar_95_1d": -8.89,
      "max_dd_30d": -14.53,
      "volatility_30d": 117.48
    },
    "SOL": {
      "var_95_1d": -6.01,
      "cvar_95_1d": -8.88,
      "max_dd_30d": -10.49,
      "volatility_30d": 67.33
    },
    "XRP": {
      "var_95_1d": -4.22,
      "cvar_95_1d": -8.21,
      "max_dd_30d": -10.28,
      "volatility_30d": 51.57
    }
  },
  "concentration": {
    "btc_weight_pct": 56.59,
    "eth_weight_pct": 10.43,
    "top3_weight_pct": 74.31,
    "top3_coins": [
      "BTC",
      "ETH",
      "USDT"
    ],
    "total_market_cap_usd": 2526255595356.0,
    "warnings": [
      "BTC dominance very high at 56.6% - market heavily concentrated"
    ]
  },
  "alerts": [
    {
      "severity": "critical",
      "alert_type": "volatility",
      "coin": "DOT",
      "message": "DOT annualized volatility: 138.5% (threshold: 80.0%)",
      "value": 138.48
    },
    {
      "severity": "warning",
      "alert_type": "drawdown",
      "coin": "ADA",
      "message": "ADA 30d max drawdown: -16.0%",
      "value": -15.98
    },
    {
      "severity": "warning",
      "alert_type": "drawdown",
      "coin": "ATOM",
      "message": "ATOM 30d max drawdown: -12.9%",
      "value": -12.94
    },
    {
      "severity": "warning",
      "alert_type": "drawdown",
      "coin": "AVAX",
      "message": "AVAX 30d max drawdown: -14.0%",
      "value": -14.02
    },
    {
      "severity": "warning",
      "alert_type": "drawdown",
      "coin": "DOGE",
      "message": "DOGE 30d max drawdown: -12.6%",
      "value": -12.64
    },
    {
      "severity": "warning",
      "alert_type": "drawdown",
      "coin": "DOT",
      "message": "DOT 30d max drawdown: -17.2%",
      "value": -17.2
    },
    {
      "severity": "warning",
      "alert_type": "drawdown",
      "coin": "ETH",
      "message": "ETH 30d max drawdown: -12.7%",
      "value": -12.68
    },
    {
      "severity": "warning",
      "alert_type": "drawdown",
      "coin": "LINK",
      "message": "LINK 30d max drawdown: -12.5%",
      "value": -12.51
    },
    {
      "severity": "warning",
      "alert_type": "drawdown",
      "coin": "NEAR",
      "message": "NEAR 30d max drawdown: -14.5%",
      "value": -14.53
    },
    {
      "severity": "warning",
      "alert_type": "volatility",
      "coin": "NEAR",
      "message": "NEAR annualized volatility: 117.5% (threshold: 80.0%)",
      "value": 117.48
    },
    {
      "severity": "warning",
      "alert_type": "drawdown",
      "coin": "SOL",
      "message": "SOL 30d max drawdown: -10.5%",
      "value": -10.49
    },
    {
      "severity": "warning",
      "alert_type": "drawdown",
      "coin": "XRP",
      "message": "XRP 30d max drawdown: -10.3%",
      "value": -10.28
    },
    {
      "severity": "info",
      "alert_type": "correlation",
      "coin": "ADA/AVAX",
      "message": "High correlation (0.92) between ADA and AVAX - limited diversification",
      "value": 0.9212
    },
    {
      "severity": "info",
      "alert_type": "correlation",
      "coin": "ADA/DOGE",
      "message": "High correlation (0.93) between ADA and DOGE - limited diversification",
      "value": 0.925
    },
    {
      "severity": "info",
      "alert_type": "correlation",
      "coin": "ADA/LINK",
      "message": "High correlation (0.94) between ADA and LINK - limited diversification",
      "value": 0.9395
    },
    {
      "severity": "info",
      "alert_type": "correlation",
      "coin": "AVAX/LINK",
      "message": "High correlation (0.93) between AVAX and LINK - limited diversification",
      "value": 0.933
    },
    {
      "severity": "info",
      "alert_type": "correlation",
      "coin": "BNB/BTC",
      "message": "High correlation (0.91) between BNB and BTC - limited diversification",
      "value": 0.9108
    },
    {
      "severity": "info",
      "alert_type": "correlation",
      "coin": "BNB/SOL",
      "message": "High correlation (0.90) between BNB and SOL - limited diversification",
      "value": 0.9004
    },
    {
      "severity": "info",
      "alert_type": "correlation",
      "coin": "BTC/ETH",
      "message": "High correlation (0.93) between BTC and ETH - limited diversification",
      "value": 0.9288
    },
    {
      "severity": "info",
      "alert_type": "correlation",
      "coin": "BTC/LINK",
      "message": "High correlation (0.92) between BTC and LINK - limited diversification",
      "value": 0.9193
    },
    {
      "severity": "info",
      "alert_type": "correlation",
      "coin": "BTC/SOL",
      "message": "High correlation (0.92) between BTC and SOL - limited diversification",
      "value": 0.9232
    },
    {
      "severity": "info",
      "alert_type": "correlation",
      "coin": "ETH/LINK",
      "message": "High correlation (0.96) between ETH and LINK - limited diversification",
      "value": 0.9582
    },
    {
      "severity": "info",
      "alert_type": "correlation",
      "coin": "ETH/SOL",
      "message": "High correlation (0.93) between ETH and SOL - limited diversification",
      "value": 0.932
    },
    {
      "severity": "info",
      "alert_type": "correlation",
      "coin": "LINK/LTC",
      "message": "High correlation (0.91) between LINK and LTC - limited diversification",
      "value": 0.9052
    },
    {
      "severity": "info",
      "alert_type": "correlation",
      "coin": "LINK/SOL",
      "message": "High correlation (0.94) between LINK and SOL - limited diversification",
      "value": 0.9448
    }
  ]
}