{
  "timestamp": "2026-03-20T08:18:25.792111",
  "portfolio_summary": {
    "total_coins": 13,
    "portfolio_var_95_1d": -4.28,
    "portfolio_cvar_95_1d": -7.72,
    "risk_level": "CRITICAL"
  },
  "correlation_matrix": {
    "coins": [
      "ADA",
      "ATOM",
      "AVAX",
      "BNB",
      "BTC",
      "DOGE",
      "DOT",
      "ETH",
      "LINK",
      "LTC",
      "NEAR",
      "SOL",
      "XRP"
    ],
    "values": [
      [
        1.0,
        0.7075,
        0.9211,
        0.8136,
        0.811,
        0.9208,
        0.8664,
        0.8653,
        0.9309,
        0.8751,
        0.8405,
        0.8582,
        0.8587
      ],
      [
        0.7075,
        1.0,
        0.6907,
        0.6111,
        0.6265,
        0.6645,
        0.5274,
        0.6536,
        0.6712,
        0.6665,
        0.6269,
        0.6211,
        0.6352
      ],
      [
        0.9211,
        0.6907,
        1.0,
        0.8397,
        0.8465,
        0.8691,
        0.8603,
        0.8701,
        0.9252,
        0.8847,
        0.8728,
        0.8734,
        0.8129
      ],
      [
        0.8136,
        0.6111,
        0.8397,
        1.0,
        0.908,
        0.7847,
        0.7056,
        0.8912,
        0.8984,
        0.8403,
        0.7661,
        0.899,
        0.8277
      ],
      [
        0.811,
        0.6265,
        0.8465,
        0.908,
        1.0,
        0.7937,
        0.6661,
        0.9233,
        0.9196,
        0.843,
        0.7635,
        0.9206,
        0.8924
      ],
      [
        0.9208,
        0.6645,
        0.8691,
        0.7847,
        0.7937,
        1.0,
        0.749,
        0.8185,
        0.8668,
        0.8045,
        0.7545,
        0.8101,
        0.8251
      ],
      [
        0.8664,
        0.5274,
        0.8603,
        0.7056,
        0.6661,
        0.749,
        1.0,
        0.7518,
        0.8236,
        0.8212,
        0.8335,
        0.7538,
        0.6769
      ],
      [
        0.8653,
        0.6536,
        0.8701,
        0.8912,
        0.9233,
        0.8185,
        0.7518,
        1.0,
        0.9553,
        0.8427,
        0.8095,
        0.9275,
        0.8539
      ],
      [
        0.9309,
        0.6712,
        0.9252,
        0.8984,
        0.9196,
        0.8668,
        0.8236,
        0.9553,
        1.0,
        0.9016,
        0.8467,
        0.9448,
        0.8848
      ],
      [
        0.8751,
        0.6665,
        0.8847,
        0.8403,
        0.843,
        0.8045,
        0.8212,
        0.8427,
        0.9016,
        1.0,
        0.824,
        0.8731,
        0.8037
      ],
      [
        0.8405,
        0.6269,
        0.8728,
        0.7661,
        0.7635,
        0.7545,
        0.8335,
        0.8095,
        0.8467,
        0.824,
        1.0,
        0.8141,
        0.738
      ],
      [
        0.8582,
        0.6211,
        0.8734,
        0.899,
        0.9206,
        0.8101,
        0.7538,
        0.9275,
        0.9448,
        0.8731,
        0.8141,
        1.0,
        0.8442
      ],
      [
        0.8587,
        0.6352,
        0.8129,
        0.8277,
        0.8924,
        0.8251,
        0.6769,
        0.8539,
        0.8848,
        0.8037,
        0.738,
        0.8442,
        1.0
      ]
    ]
  },
  "individual_risk": {
    "ADA": {
      "var_95_1d": -5.33,
      "cvar_95_1d": -8.25,
      "max_dd_30d": -15.98,
      "volatility_30d": 78.52
    },
    "ATOM": {
      "var_95_1d": -5.46,
      "cvar_95_1d": -6.75,
      "max_dd_30d": -26.34,
      "volatility_30d": 57.25
    },
    "AVAX": {
      "var_95_1d": -5.38,
      "cvar_95_1d": -8.27,
      "max_dd_30d": -9.58,
      "volatility_30d": 74.19
    },
    "BNB": {
      "var_95_1d": -3.67,
      "cvar_95_1d": -7.47,
      "max_dd_30d": -6.96,
      "volatility_30d": 45.96
    },
    "BTC": {
      "var_95_1d": -3.94,
      "cvar_95_1d": -6.99,
      "max_dd_30d": -9.27,
      "volatility_30d": 51.95
    },
    "DOGE": {
      "var_95_1d": -5.03,
      "cvar_95_1d": -8.87,
      "max_dd_30d": -11.49,
      "volatility_30d": 73.32
    },
    "DOT": {
      "var_95_1d": -5.86,
      "cvar_95_1d": -9.0,
      "max_dd_30d": -15.36,
      "volatility_30d": 139.74
    },
    "ETH": {
      "var_95_1d": -5.8,
      "cvar_95_1d": -9.18,
      "max_dd_30d": -8.93,
      "volatility_30d": 72.13
    },
    "LINK": {
      "var_95_1d": -5.66,
      "cvar_95_1d": -7.98,
      "max_dd_30d": -8.83,
      "volatility_30d": 72.2
    },
    "LTC": {
      "var_95_1d": -4.2,
      "cvar_95_1d": -7.75,
      "max_dd_30d": -7.33,
      "volatility_30d": 57.61
    },
    "NEAR": {
      "var_95_1d": -5.68,
      "cvar_95_1d": -8.89,
      "max_dd_30d": -11.19,
      "volatility_30d": 120.06
    },
    "SOL": {
      "var_95_1d": -6.01,
      "cvar_95_1d": -8.88,
      "max_dd_30d": -10.14,
      "volatility_30d": 70.1
    },
    "XRP": {
      "var_95_1d": -4.26,
      "cvar_95_1d": -8.21,
      "max_dd_30d": -6.44,
      "volatility_30d": 52.85
    }
  },
  "concentration": {
    "btc_weight_pct": 56.42,
    "eth_weight_pct": 10.4,
    "top3_weight_pct": 74.21,
    "top3_coins": [
      "BTC",
      "ETH",
      "USDT"
    ],
    "total_market_cap_usd": 2488810066354.0,
    "warnings": [
      "BTC dominance very high at 56.4% - market heavily concentrated"
    ]
  },
  "alerts": [
    {
      "severity": "critical",
      "alert_type": "drawdown",
      "coin": "ATOM",
      "message": "ATOM 30d max drawdown: -26.3%",
      "value": -26.34
    },
    {
      "severity": "critical",
      "alert_type": "volatility",
      "coin": "DOT",
      "message": "DOT annualized volatility: 139.7% (threshold: 80.0%)",
      "value": 139.74
    },
    {
      "severity": "critical",
      "alert_type": "volatility",
      "coin": "NEAR",
      "message": "NEAR annualized volatility: 120.1% (threshold: 80.0%)",
      "value": 120.06
    },
    {
      "severity": "warning",
      "alert_type": "drawdown",
      "coin": "ADA",
      "message": "ADA 30d max drawdown: -16.0%",
      "value": -15.98
    },
    {
      "severity": "warning",
      "alert_type": "drawdown",
      "coin": "DOGE",
      "message": "DOGE 30d max drawdown: -11.5%",
      "value": -11.49
    },
    {
      "severity": "warning",
      "alert_type": "drawdown",
      "coin": "DOT",
      "message": "DOT 30d max drawdown: -15.4%",
      "value": -15.36
    },
    {
      "severity": "warning",
      "alert_type": "drawdown",
      "coin": "NEAR",
      "message": "NEAR 30d max drawdown: -11.2%",
      "value": -11.19
    },
    {
      "severity": "warning",
      "alert_type": "drawdown",
      "coin": "SOL",
      "message": "SOL 30d max drawdown: -10.1%",
      "value": -10.14
    },
    {
      "severity": "info",
      "alert_type": "correlation",
      "coin": "ADA/AVAX",
      "message": "High correlation (0.92) between ADA and AVAX - limited diversification",
      "value": 0.9211
    },
    {
      "severity": "info",
      "alert_type": "correlation",
      "coin": "ADA/DOGE",
      "message": "High correlation (0.92) between ADA and DOGE - limited diversification",
      "value": 0.9208
    },
    {
      "severity": "info",
      "alert_type": "correlation",
      "coin": "ADA/LINK",
      "message": "High correlation (0.93) between ADA and LINK - limited diversification",
      "value": 0.9309
    },
    {
      "severity": "info",
      "alert_type": "correlation",
      "coin": "AVAX/LINK",
      "message": "High correlation (0.93) between AVAX and LINK - limited diversification",
      "value": 0.9252
    },
    {
      "severity": "info",
      "alert_type": "correlation",
      "coin": "BNB/BTC",
      "message": "High correlation (0.91) between BNB and BTC - limited diversification",
      "value": 0.908
    },
    {
      "severity": "info",
      "alert_type": "correlation",
      "coin": "BTC/ETH",
      "message": "High correlation (0.92) between BTC and ETH - limited diversification",
      "value": 0.9233
    },
    {
      "severity": "info",
      "alert_type": "correlation",
      "coin": "BTC/LINK",
      "message": "High correlation (0.92) between BTC and LINK - limited diversification",
      "value": 0.9196
    },
    {
      "severity": "info",
      "alert_type": "correlation",
      "coin": "BTC/SOL",
      "message": "High correlation (0.92) between BTC and SOL - limited diversification",
      "value": 0.9206
    },
    {
      "severity": "info",
      "alert_type": "correlation",
      "coin": "ETH/LINK",
      "message": "High correlation (0.96) between ETH and LINK - limited diversification",
      "value": 0.9553
    },
    {
      "severity": "info",
      "alert_type": "correlation",
      "coin": "ETH/SOL",
      "message": "High correlation (0.93) between ETH and SOL - limited diversification",
      "value": 0.9275
    },
    {
      "severity": "info",
      "alert_type": "correlation",
      "coin": "LINK/LTC",
      "message": "High correlation (0.90) between LINK and LTC - limited diversification",
      "value": 0.9016
    },
    {
      "severity": "info",
      "alert_type": "correlation",
      "coin": "LINK/SOL",
      "message": "High correlation (0.94) between LINK and SOL - limited diversification",
      "value": 0.9448
    }
  ]
}