{
  "timestamp": "2026-03-26T20:45:25.924756",
  "portfolio_summary": {
    "total_coins": 13,
    "portfolio_var_95_1d": -4.28,
    "portfolio_cvar_95_1d": -7.72,
    "risk_level": "HIGH"
  },
  "correlation_matrix": {
    "coins": [
      "ADA",
      "ATOM",
      "AVAX",
      "BNB",
      "BTC",
      "DOGE",
      "DOT",
      "ETH",
      "LINK",
      "LTC",
      "NEAR",
      "SOL",
      "XRP"
    ],
    "values": [
      [
        1.0,
        0.7019,
        0.9221,
        0.8256,
        0.8248,
        0.9267,
        0.855,
        0.8689,
        0.9405,
        0.8833,
        0.8348,
        0.8677,
        0.868
      ],
      [
        0.7019,
        1.0,
        0.6826,
        0.6187,
        0.6362,
        0.6664,
        0.5208,
        0.653,
        0.6727,
        0.6737,
        0.6226,
        0.6274,
        0.6446
      ],
      [
        0.9221,
        0.6826,
        1.0,
        0.8448,
        0.8628,
        0.8732,
        0.8454,
        0.8762,
        0.9337,
        0.8946,
        0.8646,
        0.8875,
        0.8184
      ],
      [
        0.8256,
        0.6187,
        0.8448,
        1.0,
        0.911,
        0.787,
        0.7011,
        0.8998,
        0.9015,
        0.8414,
        0.765,
        0.9013,
        0.8277
      ],
      [
        0.8248,
        0.6362,
        0.8628,
        0.911,
        1.0,
        0.7982,
        0.6618,
        0.9303,
        0.9203,
        0.848,
        0.765,
        0.9236,
        0.8918
      ],
      [
        0.9267,
        0.6664,
        0.8732,
        0.787,
        0.7982,
        1.0,
        0.7405,
        0.8237,
        0.8699,
        0.8087,
        0.751,
        0.8146,
        0.8255
      ],
      [
        0.855,
        0.5208,
        0.8454,
        0.7011,
        0.6618,
        0.7405,
        1.0,
        0.7432,
        0.8129,
        0.8104,
        0.8292,
        0.7462,
        0.6791
      ],
      [
        0.8689,
        0.653,
        0.8762,
        0.8998,
        0.9303,
        0.8237,
        0.7432,
        1.0,
        0.9585,
        0.8518,
        0.8086,
        0.9332,
        0.8587
      ],
      [
        0.9405,
        0.6727,
        0.9337,
        0.9015,
        0.9203,
        0.8699,
        0.8129,
        0.9585,
        1.0,
        0.9075,
        0.8428,
        0.9455,
        0.882
      ],
      [
        0.8833,
        0.6737,
        0.8946,
        0.8414,
        0.848,
        0.8087,
        0.8104,
        0.8518,
        0.9075,
        1.0,
        0.8168,
        0.878,
        0.8036
      ],
      [
        0.8348,
        0.6226,
        0.8646,
        0.765,
        0.765,
        0.751,
        0.8292,
        0.8086,
        0.8428,
        0.8168,
        1.0,
        0.814,
        0.7423
      ],
      [
        0.8677,
        0.6274,
        0.8875,
        0.9013,
        0.9236,
        0.8146,
        0.7462,
        0.9332,
        0.9455,
        0.878,
        0.814,
        1.0,
        0.8454
      ],
      [
        0.868,
        0.6446,
        0.8184,
        0.8277,
        0.8918,
        0.8255,
        0.6791,
        0.8587,
        0.882,
        0.8036,
        0.7423,
        0.8454,
        1.0
      ]
    ]
  },
  "individual_risk": {
    "ADA": {
      "var_95_1d": -5.29,
      "cvar_95_1d": -8.05,
      "max_dd_30d": -15.98,
      "volatility_30d": 79.46
    },
    "ATOM": {
      "var_95_1d": -5.4,
      "cvar_95_1d": -6.75,
      "max_dd_30d": -13.47,
      "volatility_30d": 45.84
    },
    "AVAX": {
      "var_95_1d": -5.38,
      "cvar_95_1d": -8.27,
      "max_dd_30d": -14.02,
      "volatility_30d": 74.98
    },
    "BNB": {
      "var_95_1d": -3.66,
      "cvar_95_1d": -7.47,
      "max_dd_30d": -7.77,
      "volatility_30d": 44.13
    },
    "BTC": {
      "var_95_1d": -3.91,
      "cvar_95_1d": -6.99,
      "max_dd_30d": -9.37,
      "volatility_30d": 53.23
    },
    "DOGE": {
      "var_95_1d": -5.0,
      "cvar_95_1d": -8.87,
      "max_dd_30d": -12.64,
      "volatility_30d": 75.78
    },
    "DOT": {
      "var_95_1d": -5.5,
      "cvar_95_1d": -9.0,
      "max_dd_30d": -21.53,
      "volatility_30d": 139.35
    },
    "ETH": {
      "var_95_1d": -5.78,
      "cvar_95_1d": -9.18,
      "max_dd_30d": -12.68,
      "volatility_30d": 73.92
    },
    "LINK": {
      "var_95_1d": -5.65,
      "cvar_95_1d": -7.98,
      "max_dd_30d": -12.51,
      "volatility_30d": 72.63
    },
    "LTC": {
      "var_95_1d": -4.17,
      "cvar_95_1d": -7.75,
      "max_dd_30d": -8.91,
      "volatility_30d": 56.84
    },
    "NEAR": {
      "var_95_1d": -5.68,
      "cvar_95_1d": -8.89,
      "max_dd_30d": -17.9,
      "volatility_30d": 118.95
    },
    "SOL": {
      "var_95_1d": -6.01,
      "cvar_95_1d": -8.88,
      "max_dd_30d": -10.49,
      "volatility_30d": 69.28
    },
    "XRP": {
      "var_95_1d": -4.22,
      "cvar_95_1d": -8.21,
      "max_dd_30d": -11.11,
      "volatility_30d": 52.72
    }
  },
  "concentration": {
    "btc_weight_pct": 56.55,
    "eth_weight_pct": 10.18,
    "top3_weight_pct": 74.23,
    "top3_coins": [
      "BTC",
      "ETH",
      "USDT"
    ],
    "total_market_cap_usd": 2452439790835.0,
    "warnings": [
      "BTC dominance very high at 56.5% - market heavily concentrated"
    ]
  },
  "alerts": [
    {
      "severity": "critical",
      "alert_type": "drawdown",
      "coin": "DOT",
      "message": "DOT 30d max drawdown: -21.5%",
      "value": -21.53
    },
    {
      "severity": "critical",
      "alert_type": "volatility",
      "coin": "DOT",
      "message": "DOT annualized volatility: 139.3% (threshold: 80.0%)",
      "value": 139.35
    },
    {
      "severity": "warning",
      "alert_type": "drawdown",
      "coin": "ADA",
      "message": "ADA 30d max drawdown: -16.0%",
      "value": -15.98
    },
    {
      "severity": "warning",
      "alert_type": "drawdown",
      "coin": "ATOM",
      "message": "ATOM 30d max drawdown: -13.5%",
      "value": -13.47
    },
    {
      "severity": "warning",
      "alert_type": "drawdown",
      "coin": "AVAX",
      "message": "AVAX 30d max drawdown: -14.0%",
      "value": -14.02
    },
    {
      "severity": "warning",
      "alert_type": "drawdown",
      "coin": "DOGE",
      "message": "DOGE 30d max drawdown: -12.6%",
      "value": -12.64
    },
    {
      "severity": "warning",
      "alert_type": "drawdown",
      "coin": "ETH",
      "message": "ETH 30d max drawdown: -12.7%",
      "value": -12.68
    },
    {
      "severity": "warning",
      "alert_type": "drawdown",
      "coin": "LINK",
      "message": "LINK 30d max drawdown: -12.5%",
      "value": -12.51
    },
    {
      "severity": "warning",
      "alert_type": "drawdown",
      "coin": "NEAR",
      "message": "NEAR 30d max drawdown: -17.9%",
      "value": -17.9
    },
    {
      "severity": "warning",
      "alert_type": "volatility",
      "coin": "NEAR",
      "message": "NEAR annualized volatility: 119.0% (threshold: 80.0%)",
      "value": 118.95
    },
    {
      "severity": "warning",
      "alert_type": "drawdown",
      "coin": "SOL",
      "message": "SOL 30d max drawdown: -10.5%",
      "value": -10.49
    },
    {
      "severity": "warning",
      "alert_type": "drawdown",
      "coin": "XRP",
      "message": "XRP 30d max drawdown: -11.1%",
      "value": -11.11
    },
    {
      "severity": "info",
      "alert_type": "correlation",
      "coin": "ADA/AVAX",
      "message": "High correlation (0.92) between ADA and AVAX - limited diversification",
      "value": 0.9221
    },
    {
      "severity": "info",
      "alert_type": "correlation",
      "coin": "ADA/DOGE",
      "message": "High correlation (0.93) between ADA and DOGE - limited diversification",
      "value": 0.9267
    },
    {
      "severity": "info",
      "alert_type": "correlation",
      "coin": "ADA/LINK",
      "message": "High correlation (0.94) between ADA and LINK - limited diversification",
      "value": 0.9405
    },
    {
      "severity": "info",
      "alert_type": "correlation",
      "coin": "AVAX/LINK",
      "message": "High correlation (0.93) between AVAX and LINK - limited diversification",
      "value": 0.9337
    },
    {
      "severity": "info",
      "alert_type": "correlation",
      "coin": "BNB/BTC",
      "message": "High correlation (0.91) between BNB and BTC - limited diversification",
      "value": 0.911
    },
    {
      "severity": "info",
      "alert_type": "correlation",
      "coin": "BNB/LINK",
      "message": "High correlation (0.90) between BNB and LINK - limited diversification",
      "value": 0.9015
    },
    {
      "severity": "info",
      "alert_type": "correlation",
      "coin": "BNB/SOL",
      "message": "High correlation (0.90) between BNB and SOL - limited diversification",
      "value": 0.9013
    },
    {
      "severity": "info",
      "alert_type": "correlation",
      "coin": "BTC/ETH",
      "message": "High correlation (0.93) between BTC and ETH - limited diversification",
      "value": 0.9303
    },
    {
      "severity": "info",
      "alert_type": "correlation",
      "coin": "BTC/LINK",
      "message": "High correlation (0.92) between BTC and LINK - limited diversification",
      "value": 0.9203
    },
    {
      "severity": "info",
      "alert_type": "correlation",
      "coin": "BTC/SOL",
      "message": "High correlation (0.92) between BTC and SOL - limited diversification",
      "value": 0.9236
    },
    {
      "severity": "info",
      "alert_type": "correlation",
      "coin": "ETH/LINK",
      "message": "High correlation (0.96) between ETH and LINK - limited diversification",
      "value": 0.9585
    },
    {
      "severity": "info",
      "alert_type": "correlation",
      "coin": "ETH/SOL",
      "message": "High correlation (0.93) between ETH and SOL - limited diversification",
      "value": 0.9332
    },
    {
      "severity": "info",
      "alert_type": "correlation",
      "coin": "LINK/LTC",
      "message": "High correlation (0.91) between LINK and LTC - limited diversification",
      "value": 0.9075
    },
    {
      "severity": "info",
      "alert_type": "correlation",
      "coin": "LINK/SOL",
      "message": "High correlation (0.95) between LINK and SOL - limited diversification",
      "value": 0.9455
    }
  ]
}