{
  "timestamp": "2026-03-25T16:03:44.469193",
  "portfolio_summary": {
    "total_coins": 13,
    "portfolio_var_95_1d": -4.28,
    "portfolio_cvar_95_1d": -7.72,
    "risk_level": "HIGH"
  },
  "correlation_matrix": {
    "coins": [
      "ADA",
      "ATOM",
      "AVAX",
      "BNB",
      "BTC",
      "DOGE",
      "DOT",
      "ETH",
      "LINK",
      "LTC",
      "NEAR",
      "SOL",
      "XRP"
    ],
    "values": [
      [
        1.0,
        0.7002,
        0.9211,
        0.8206,
        0.8212,
        0.9248,
        0.857,
        0.8673,
        0.9394,
        0.8792,
        0.8331,
        0.8654,
        0.8669
      ],
      [
        0.7002,
        1.0,
        0.6788,
        0.6096,
        0.6286,
        0.6594,
        0.516,
        0.649,
        0.6687,
        0.6639,
        0.6152,
        0.6208,
        0.6378
      ],
      [
        0.9211,
        0.6788,
        1.0,
        0.8411,
        0.8605,
        0.8705,
        0.8468,
        0.8747,
        0.9329,
        0.8915,
        0.8635,
        0.8851,
        0.8174
      ],
      [
        0.8206,
        0.6096,
        0.8411,
        1.0,
        0.9104,
        0.7856,
        0.7006,
        0.8967,
        0.899,
        0.8406,
        0.7637,
        0.9003,
        0.8279
      ],
      [
        0.8212,
        0.6286,
        0.8605,
        0.9104,
        1.0,
        0.7968,
        0.6614,
        0.9287,
        0.9192,
        0.8475,
        0.7642,
        0.9228,
        0.8922
      ],
      [
        0.9248,
        0.6594,
        0.8705,
        0.7856,
        0.7968,
        1.0,
        0.7393,
        0.8207,
        0.868,
        0.806,
        0.7481,
        0.8131,
        0.8249
      ],
      [
        0.857,
        0.516,
        0.8468,
        0.7006,
        0.6614,
        0.7393,
        1.0,
        0.7436,
        0.8153,
        0.8097,
        0.8283,
        0.7452,
        0.6776
      ],
      [
        0.8673,
        0.649,
        0.8747,
        0.8967,
        0.9287,
        0.8207,
        0.7436,
        1.0,
        0.9581,
        0.8484,
        0.807,
        0.9314,
        0.858
      ],
      [
        0.9394,
        0.6687,
        0.9329,
        0.899,
        0.9192,
        0.868,
        0.8153,
        0.9581,
        1.0,
        0.9055,
        0.8425,
        0.9446,
        0.8827
      ],
      [
        0.8792,
        0.6639,
        0.8915,
        0.8406,
        0.8475,
        0.806,
        0.8097,
        0.8484,
        0.9055,
        1.0,
        0.8156,
        0.8757,
        0.8034
      ],
      [
        0.8331,
        0.6152,
        0.8635,
        0.7637,
        0.7642,
        0.7481,
        0.8283,
        0.807,
        0.8425,
        0.8156,
        1.0,
        0.8116,
        0.7412
      ],
      [
        0.8654,
        0.6208,
        0.8851,
        0.9003,
        0.9228,
        0.8131,
        0.7452,
        0.9314,
        0.9446,
        0.8757,
        0.8116,
        1.0,
        0.8449
      ],
      [
        0.8669,
        0.6378,
        0.8174,
        0.8279,
        0.8922,
        0.8249,
        0.6776,
        0.858,
        0.8827,
        0.8034,
        0.7412,
        0.8449,
        1.0
      ]
    ]
  },
  "individual_risk": {
    "ADA": {
      "var_95_1d": -5.29,
      "cvar_95_1d": -8.05,
      "max_dd_30d": -15.98,
      "volatility_30d": 77.72
    },
    "ATOM": {
      "var_95_1d": -5.4,
      "cvar_95_1d": -6.75,
      "max_dd_30d": -12.94,
      "volatility_30d": 48.7
    },
    "AVAX": {
      "var_95_1d": -5.38,
      "cvar_95_1d": -8.27,
      "max_dd_30d": -14.02,
      "volatility_30d": 73.04
    },
    "BNB": {
      "var_95_1d": -3.66,
      "cvar_95_1d": -7.47,
      "max_dd_30d": -7.77,
      "volatility_30d": 43.4
    },
    "BTC": {
      "var_95_1d": -3.91,
      "cvar_95_1d": -6.99,
      "max_dd_30d": -9.37,
      "volatility_30d": 52.27
    },
    "DOGE": {
      "var_95_1d": -5.0,
      "cvar_95_1d": -8.87,
      "max_dd_30d": -12.64,
      "volatility_30d": 73.98
    },
    "DOT": {
      "var_95_1d": -5.5,
      "cvar_95_1d": -9.0,
      "max_dd_30d": -17.23,
      "volatility_30d": 138.48
    },
    "ETH": {
      "var_95_1d": -5.78,
      "cvar_95_1d": -9.18,
      "max_dd_30d": -12.68,
      "volatility_30d": 71.88
    },
    "LINK": {
      "var_95_1d": -5.65,
      "cvar_95_1d": -7.98,
      "max_dd_30d": -12.51,
      "volatility_30d": 70.51
    },
    "LTC": {
      "var_95_1d": -4.17,
      "cvar_95_1d": -7.75,
      "max_dd_30d": -8.91,
      "volatility_30d": 55.14
    },
    "NEAR": {
      "var_95_1d": -5.68,
      "cvar_95_1d": -8.89,
      "max_dd_30d": -14.53,
      "volatility_30d": 117.71
    },
    "SOL": {
      "var_95_1d": -6.01,
      "cvar_95_1d": -8.88,
      "max_dd_30d": -10.49,
      "volatility_30d": 67.3
    },
    "XRP": {
      "var_95_1d": -4.22,
      "cvar_95_1d": -8.21,
      "max_dd_30d": -10.28,
      "volatility_30d": 51.55
    }
  },
  "concentration": {
    "btc_weight_pct": 56.55,
    "eth_weight_pct": 10.41,
    "top3_weight_pct": 74.28,
    "top3_coins": [
      "BTC",
      "ETH",
      "USDT"
    ],
    "total_market_cap_usd": 2517340852965.0,
    "warnings": [
      "BTC dominance very high at 56.5% - market heavily concentrated"
    ]
  },
  "alerts": [
    {
      "severity": "critical",
      "alert_type": "volatility",
      "coin": "DOT",
      "message": "DOT annualized volatility: 138.5% (threshold: 80.0%)",
      "value": 138.48
    },
    {
      "severity": "warning",
      "alert_type": "drawdown",
      "coin": "ADA",
      "message": "ADA 30d max drawdown: -16.0%",
      "value": -15.98
    },
    {
      "severity": "warning",
      "alert_type": "drawdown",
      "coin": "ATOM",
      "message": "ATOM 30d max drawdown: -12.9%",
      "value": -12.94
    },
    {
      "severity": "warning",
      "alert_type": "drawdown",
      "coin": "AVAX",
      "message": "AVAX 30d max drawdown: -14.0%",
      "value": -14.02
    },
    {
      "severity": "warning",
      "alert_type": "drawdown",
      "coin": "DOGE",
      "message": "DOGE 30d max drawdown: -12.6%",
      "value": -12.64
    },
    {
      "severity": "warning",
      "alert_type": "drawdown",
      "coin": "DOT",
      "message": "DOT 30d max drawdown: -17.2%",
      "value": -17.23
    },
    {
      "severity": "warning",
      "alert_type": "drawdown",
      "coin": "ETH",
      "message": "ETH 30d max drawdown: -12.7%",
      "value": -12.68
    },
    {
      "severity": "warning",
      "alert_type": "drawdown",
      "coin": "LINK",
      "message": "LINK 30d max drawdown: -12.5%",
      "value": -12.51
    },
    {
      "severity": "warning",
      "alert_type": "drawdown",
      "coin": "NEAR",
      "message": "NEAR 30d max drawdown: -14.5%",
      "value": -14.53
    },
    {
      "severity": "warning",
      "alert_type": "volatility",
      "coin": "NEAR",
      "message": "NEAR annualized volatility: 117.7% (threshold: 80.0%)",
      "value": 117.71
    },
    {
      "severity": "warning",
      "alert_type": "drawdown",
      "coin": "SOL",
      "message": "SOL 30d max drawdown: -10.5%",
      "value": -10.49
    },
    {
      "severity": "warning",
      "alert_type": "drawdown",
      "coin": "XRP",
      "message": "XRP 30d max drawdown: -10.3%",
      "value": -10.28
    },
    {
      "severity": "info",
      "alert_type": "correlation",
      "coin": "ADA/AVAX",
      "message": "High correlation (0.92) between ADA and AVAX - limited diversification",
      "value": 0.9211
    },
    {
      "severity": "info",
      "alert_type": "correlation",
      "coin": "ADA/DOGE",
      "message": "High correlation (0.92) between ADA and DOGE - limited diversification",
      "value": 0.9248
    },
    {
      "severity": "info",
      "alert_type": "correlation",
      "coin": "ADA/LINK",
      "message": "High correlation (0.94) between ADA and LINK - limited diversification",
      "value": 0.9394
    },
    {
      "severity": "info",
      "alert_type": "correlation",
      "coin": "AVAX/LINK",
      "message": "High correlation (0.93) between AVAX and LINK - limited diversification",
      "value": 0.9329
    },
    {
      "severity": "info",
      "alert_type": "correlation",
      "coin": "BNB/BTC",
      "message": "High correlation (0.91) between BNB and BTC - limited diversification",
      "value": 0.9104
    },
    {
      "severity": "info",
      "alert_type": "correlation",
      "coin": "BNB/SOL",
      "message": "High correlation (0.90) between BNB and SOL - limited diversification",
      "value": 0.9003
    },
    {
      "severity": "info",
      "alert_type": "correlation",
      "coin": "BTC/ETH",
      "message": "High correlation (0.93) between BTC and ETH - limited diversification",
      "value": 0.9287
    },
    {
      "severity": "info",
      "alert_type": "correlation",
      "coin": "BTC/LINK",
      "message": "High correlation (0.92) between BTC and LINK - limited diversification",
      "value": 0.9192
    },
    {
      "severity": "info",
      "alert_type": "correlation",
      "coin": "BTC/SOL",
      "message": "High correlation (0.92) between BTC and SOL - limited diversification",
      "value": 0.9228
    },
    {
      "severity": "info",
      "alert_type": "correlation",
      "coin": "ETH/LINK",
      "message": "High correlation (0.96) between ETH and LINK - limited diversification",
      "value": 0.9581
    },
    {
      "severity": "info",
      "alert_type": "correlation",
      "coin": "ETH/SOL",
      "message": "High correlation (0.93) between ETH and SOL - limited diversification",
      "value": 0.9314
    },
    {
      "severity": "info",
      "alert_type": "correlation",
      "coin": "LINK/LTC",
      "message": "High correlation (0.91) between LINK and LTC - limited diversification",
      "value": 0.9055
    },
    {
      "severity": "info",
      "alert_type": "correlation",
      "coin": "LINK/SOL",
      "message": "High correlation (0.94) between LINK and SOL - limited diversification",
      "value": 0.9446
    }
  ]
}