{
  "timestamp": "2026-03-25T00:00:39.681495",
  "portfolio_summary": {
    "total_coins": 13,
    "portfolio_var_95_1d": -4.28,
    "portfolio_cvar_95_1d": -7.72,
    "risk_level": "HIGH"
  },
  "correlation_matrix": {
    "coins": [
      "ADA",
      "ATOM",
      "AVAX",
      "BNB",
      "BTC",
      "DOGE",
      "DOT",
      "ETH",
      "LINK",
      "LTC",
      "NEAR",
      "SOL",
      "XRP"
    ],
    "values": [
      [
        1.0,
        0.7009,
        0.9213,
        0.8201,
        0.8218,
        0.9248,
        0.8604,
        0.8678,
        0.9392,
        0.8791,
        0.8367,
        0.8655,
        0.8683
      ],
      [
        0.7009,
        1.0,
        0.6788,
        0.6097,
        0.6285,
        0.66,
        0.5166,
        0.6489,
        0.6692,
        0.6645,
        0.6158,
        0.6208,
        0.6377
      ],
      [
        0.9213,
        0.6788,
        1.0,
        0.8416,
        0.861,
        0.871,
        0.8482,
        0.8747,
        0.9328,
        0.8916,
        0.8653,
        0.8859,
        0.8182
      ],
      [
        0.8201,
        0.6097,
        0.8416,
        1.0,
        0.9109,
        0.7849,
        0.703,
        0.8968,
        0.8985,
        0.8412,
        0.7666,
        0.9004,
        0.8291
      ],
      [
        0.8218,
        0.6285,
        0.861,
        0.9109,
        1.0,
        0.7973,
        0.6624,
        0.9287,
        0.9196,
        0.8487,
        0.7654,
        0.9231,
        0.8925
      ],
      [
        0.9248,
        0.66,
        0.871,
        0.7849,
        0.7973,
        1.0,
        0.7425,
        0.8212,
        0.8678,
        0.8065,
        0.7517,
        0.8128,
        0.8264
      ],
      [
        0.8604,
        0.5166,
        0.8482,
        0.703,
        0.6624,
        0.7425,
        1.0,
        0.7446,
        0.818,
        0.8123,
        0.8282,
        0.7473,
        0.6779
      ],
      [
        0.8678,
        0.6489,
        0.8747,
        0.8968,
        0.9287,
        0.8212,
        0.7446,
        1.0,
        0.9585,
        0.849,
        0.8082,
        0.9316,
        0.8581
      ],
      [
        0.9392,
        0.6692,
        0.9328,
        0.8985,
        0.9196,
        0.8678,
        0.818,
        0.9585,
        1.0,
        0.9052,
        0.8455,
        0.9446,
        0.8837
      ],
      [
        0.8791,
        0.6645,
        0.8916,
        0.8412,
        0.8487,
        0.8065,
        0.8123,
        0.849,
        0.9052,
        1.0,
        0.8187,
        0.8771,
        0.805
      ],
      [
        0.8367,
        0.6158,
        0.8653,
        0.7666,
        0.7654,
        0.7517,
        0.8282,
        0.8082,
        0.8455,
        0.8187,
        1.0,
        0.8141,
        0.7416
      ],
      [
        0.8655,
        0.6208,
        0.8859,
        0.9004,
        0.9231,
        0.8128,
        0.7473,
        0.9316,
        0.9446,
        0.8771,
        0.8141,
        1.0,
        0.8459
      ],
      [
        0.8683,
        0.6377,
        0.8182,
        0.8291,
        0.8925,
        0.8264,
        0.6779,
        0.8581,
        0.8837,
        0.805,
        0.7416,
        0.8459,
        1.0
      ]
    ]
  },
  "individual_risk": {
    "ADA": {
      "var_95_1d": -5.29,
      "cvar_95_1d": -8.05,
      "max_dd_30d": -15.98,
      "volatility_30d": 78.33
    },
    "ATOM": {
      "var_95_1d": -5.42,
      "cvar_95_1d": -6.75,
      "max_dd_30d": -17.99,
      "volatility_30d": 52.01
    },
    "AVAX": {
      "var_95_1d": -5.38,
      "cvar_95_1d": -8.27,
      "max_dd_30d": -14.02,
      "volatility_30d": 76.43
    },
    "BNB": {
      "var_95_1d": -3.67,
      "cvar_95_1d": -7.47,
      "max_dd_30d": -7.77,
      "volatility_30d": 45.07
    },
    "BTC": {
      "var_95_1d": -3.94,
      "cvar_95_1d": -6.99,
      "max_dd_30d": -9.37,
      "volatility_30d": 55.1
    },
    "DOGE": {
      "var_95_1d": -5.03,
      "cvar_95_1d": -8.87,
      "max_dd_30d": -12.64,
      "volatility_30d": 74.5
    },
    "DOT": {
      "var_95_1d": -5.55,
      "cvar_95_1d": -9.0,
      "max_dd_30d": -16.05,
      "volatility_30d": 139.1
    },
    "ETH": {
      "var_95_1d": -5.8,
      "cvar_95_1d": -9.18,
      "max_dd_30d": -12.68,
      "volatility_30d": 74.77
    },
    "LINK": {
      "var_95_1d": -5.66,
      "cvar_95_1d": -7.98,
      "max_dd_30d": -12.51,
      "volatility_30d": 72.61
    },
    "LTC": {
      "var_95_1d": -4.2,
      "cvar_95_1d": -7.75,
      "max_dd_30d": -8.91,
      "volatility_30d": 57.22
    },
    "NEAR": {
      "var_95_1d": -5.68,
      "cvar_95_1d": -8.89,
      "max_dd_30d": -14.53,
      "volatility_30d": 118.85
    },
    "SOL": {
      "var_95_1d": -6.01,
      "cvar_95_1d": -8.88,
      "max_dd_30d": -10.49,
      "volatility_30d": 71.55
    },
    "XRP": {
      "var_95_1d": -4.26,
      "cvar_95_1d": -8.21,
      "max_dd_30d": -10.28,
      "volatility_30d": 53.04
    }
  },
  "concentration": {
    "btc_weight_pct": 56.43,
    "eth_weight_pct": 10.39,
    "top3_weight_pct": 74.28,
    "top3_coins": [
      "BTC",
      "ETH",
      "USDT"
    ],
    "total_market_cap_usd": 2469547126043.0,
    "warnings": [
      "BTC dominance very high at 56.4% - market heavily concentrated"
    ]
  },
  "alerts": [
    {
      "severity": "critical",
      "alert_type": "volatility",
      "coin": "DOT",
      "message": "DOT annualized volatility: 139.1% (threshold: 80.0%)",
      "value": 139.1
    },
    {
      "severity": "warning",
      "alert_type": "drawdown",
      "coin": "ADA",
      "message": "ADA 30d max drawdown: -16.0%",
      "value": -15.98
    },
    {
      "severity": "warning",
      "alert_type": "drawdown",
      "coin": "ATOM",
      "message": "ATOM 30d max drawdown: -18.0%",
      "value": -17.99
    },
    {
      "severity": "warning",
      "alert_type": "drawdown",
      "coin": "AVAX",
      "message": "AVAX 30d max drawdown: -14.0%",
      "value": -14.02
    },
    {
      "severity": "warning",
      "alert_type": "drawdown",
      "coin": "DOGE",
      "message": "DOGE 30d max drawdown: -12.6%",
      "value": -12.64
    },
    {
      "severity": "warning",
      "alert_type": "drawdown",
      "coin": "DOT",
      "message": "DOT 30d max drawdown: -16.1%",
      "value": -16.05
    },
    {
      "severity": "warning",
      "alert_type": "drawdown",
      "coin": "ETH",
      "message": "ETH 30d max drawdown: -12.7%",
      "value": -12.68
    },
    {
      "severity": "warning",
      "alert_type": "drawdown",
      "coin": "LINK",
      "message": "LINK 30d max drawdown: -12.5%",
      "value": -12.51
    },
    {
      "severity": "warning",
      "alert_type": "drawdown",
      "coin": "NEAR",
      "message": "NEAR 30d max drawdown: -14.5%",
      "value": -14.53
    },
    {
      "severity": "warning",
      "alert_type": "volatility",
      "coin": "NEAR",
      "message": "NEAR annualized volatility: 118.8% (threshold: 80.0%)",
      "value": 118.85
    },
    {
      "severity": "warning",
      "alert_type": "drawdown",
      "coin": "SOL",
      "message": "SOL 30d max drawdown: -10.5%",
      "value": -10.49
    },
    {
      "severity": "warning",
      "alert_type": "drawdown",
      "coin": "XRP",
      "message": "XRP 30d max drawdown: -10.3%",
      "value": -10.28
    },
    {
      "severity": "info",
      "alert_type": "correlation",
      "coin": "ADA/AVAX",
      "message": "High correlation (0.92) between ADA and AVAX - limited diversification",
      "value": 0.9213
    },
    {
      "severity": "info",
      "alert_type": "correlation",
      "coin": "ADA/DOGE",
      "message": "High correlation (0.92) between ADA and DOGE - limited diversification",
      "value": 0.9248
    },
    {
      "severity": "info",
      "alert_type": "correlation",
      "coin": "ADA/LINK",
      "message": "High correlation (0.94) between ADA and LINK - limited diversification",
      "value": 0.9392
    },
    {
      "severity": "info",
      "alert_type": "correlation",
      "coin": "AVAX/LINK",
      "message": "High correlation (0.93) between AVAX and LINK - limited diversification",
      "value": 0.9328
    },
    {
      "severity": "info",
      "alert_type": "correlation",
      "coin": "BNB/BTC",
      "message": "High correlation (0.91) between BNB and BTC - limited diversification",
      "value": 0.9109
    },
    {
      "severity": "info",
      "alert_type": "correlation",
      "coin": "BNB/SOL",
      "message": "High correlation (0.90) between BNB and SOL - limited diversification",
      "value": 0.9004
    },
    {
      "severity": "info",
      "alert_type": "correlation",
      "coin": "BTC/ETH",
      "message": "High correlation (0.93) between BTC and ETH - limited diversification",
      "value": 0.9287
    },
    {
      "severity": "info",
      "alert_type": "correlation",
      "coin": "BTC/LINK",
      "message": "High correlation (0.92) between BTC and LINK - limited diversification",
      "value": 0.9196
    },
    {
      "severity": "info",
      "alert_type": "correlation",
      "coin": "BTC/SOL",
      "message": "High correlation (0.92) between BTC and SOL - limited diversification",
      "value": 0.9231
    },
    {
      "severity": "info",
      "alert_type": "correlation",
      "coin": "ETH/LINK",
      "message": "High correlation (0.96) between ETH and LINK - limited diversification",
      "value": 0.9585
    },
    {
      "severity": "info",
      "alert_type": "correlation",
      "coin": "ETH/SOL",
      "message": "High correlation (0.93) between ETH and SOL - limited diversification",
      "value": 0.9316
    },
    {
      "severity": "info",
      "alert_type": "correlation",
      "coin": "LINK/LTC",
      "message": "High correlation (0.91) between LINK and LTC - limited diversification",
      "value": 0.9052
    },
    {
      "severity": "info",
      "alert_type": "correlation",
      "coin": "LINK/SOL",
      "message": "High correlation (0.94) between LINK and SOL - limited diversification",
      "value": 0.9446
    }
  ]
}