{
  "timestamp": "2026-03-25T08:00:33.872524",
  "portfolio_summary": {
    "total_coins": 13,
    "portfolio_var_95_1d": -4.28,
    "portfolio_cvar_95_1d": -7.72,
    "risk_level": "HIGH"
  },
  "correlation_matrix": {
    "coins": [
      "ADA",
      "ATOM",
      "AVAX",
      "BNB",
      "BTC",
      "DOGE",
      "DOT",
      "ETH",
      "LINK",
      "LTC",
      "NEAR",
      "SOL",
      "XRP"
    ],
    "values": [
      [
        1.0,
        0.7004,
        0.9213,
        0.8203,
        0.821,
        0.9247,
        0.8583,
        0.8672,
        0.9393,
        0.8792,
        0.8349,
        0.8649,
        0.8671
      ],
      [
        0.7004,
        1.0,
        0.6788,
        0.6099,
        0.6287,
        0.6599,
        0.5163,
        0.6489,
        0.6689,
        0.6642,
        0.6156,
        0.6211,
        0.6378
      ],
      [
        0.9213,
        0.6788,
        1.0,
        0.8416,
        0.8606,
        0.871,
        0.8473,
        0.8747,
        0.9331,
        0.8916,
        0.8644,
        0.8856,
        0.8175
      ],
      [
        0.8203,
        0.6099,
        0.8416,
        1.0,
        0.9105,
        0.785,
        0.7026,
        0.8971,
        0.8993,
        0.8414,
        0.766,
        0.9,
        0.8285
      ],
      [
        0.821,
        0.6287,
        0.8606,
        0.9105,
        1.0,
        0.7968,
        0.6625,
        0.9288,
        0.9196,
        0.8481,
        0.7653,
        0.923,
        0.8924
      ],
      [
        0.9247,
        0.6599,
        0.871,
        0.785,
        0.7968,
        1.0,
        0.7415,
        0.821,
        0.8681,
        0.8065,
        0.7507,
        0.8125,
        0.8257
      ],
      [
        0.8583,
        0.5163,
        0.8473,
        0.7026,
        0.6625,
        0.7415,
        1.0,
        0.7443,
        0.8166,
        0.8107,
        0.8283,
        0.7476,
        0.6782
      ],
      [
        0.8672,
        0.6489,
        0.8747,
        0.8971,
        0.9288,
        0.821,
        0.7443,
        1.0,
        0.9582,
        0.8486,
        0.8079,
        0.9319,
        0.8581
      ],
      [
        0.9393,
        0.6689,
        0.9331,
        0.8993,
        0.9196,
        0.8681,
        0.8166,
        0.9582,
        1.0,
        0.9054,
        0.8443,
        0.9448,
        0.8833
      ],
      [
        0.8792,
        0.6642,
        0.8916,
        0.8414,
        0.8481,
        0.8065,
        0.8107,
        0.8486,
        0.9054,
        1.0,
        0.8172,
        0.8767,
        0.8041
      ],
      [
        0.8349,
        0.6156,
        0.8644,
        0.766,
        0.7653,
        0.7507,
        0.8283,
        0.8079,
        0.8443,
        0.8172,
        1.0,
        0.8141,
        0.7417
      ],
      [
        0.8649,
        0.6211,
        0.8856,
        0.9,
        0.923,
        0.8125,
        0.7476,
        0.9319,
        0.9448,
        0.8767,
        0.8141,
        1.0,
        0.8457
      ],
      [
        0.8671,
        0.6378,
        0.8175,
        0.8285,
        0.8924,
        0.8257,
        0.6782,
        0.8581,
        0.8833,
        0.8041,
        0.7417,
        0.8457,
        1.0
      ]
    ]
  },
  "individual_risk": {
    "ADA": {
      "var_95_1d": -5.29,
      "cvar_95_1d": -8.05,
      "max_dd_30d": -15.98,
      "volatility_30d": 78.48
    },
    "ATOM": {
      "var_95_1d": -5.42,
      "cvar_95_1d": -6.75,
      "max_dd_30d": -17.99,
      "volatility_30d": 52.03
    },
    "AVAX": {
      "var_95_1d": -5.38,
      "cvar_95_1d": -8.27,
      "max_dd_30d": -14.02,
      "volatility_30d": 76.32
    },
    "BNB": {
      "var_95_1d": -3.67,
      "cvar_95_1d": -7.47,
      "max_dd_30d": -7.77,
      "volatility_30d": 44.82
    },
    "BTC": {
      "var_95_1d": -3.94,
      "cvar_95_1d": -6.99,
      "max_dd_30d": -9.37,
      "volatility_30d": 54.97
    },
    "DOGE": {
      "var_95_1d": -5.03,
      "cvar_95_1d": -8.87,
      "max_dd_30d": -12.64,
      "volatility_30d": 74.47
    },
    "DOT": {
      "var_95_1d": -5.55,
      "cvar_95_1d": -9.0,
      "max_dd_30d": -16.65,
      "volatility_30d": 139.23
    },
    "ETH": {
      "var_95_1d": -5.8,
      "cvar_95_1d": -9.18,
      "max_dd_30d": -12.68,
      "volatility_30d": 74.72
    },
    "LINK": {
      "var_95_1d": -5.66,
      "cvar_95_1d": -7.98,
      "max_dd_30d": -12.51,
      "volatility_30d": 72.66
    },
    "LTC": {
      "var_95_1d": -4.2,
      "cvar_95_1d": -7.75,
      "max_dd_30d": -8.91,
      "volatility_30d": 57.22
    },
    "NEAR": {
      "var_95_1d": -5.68,
      "cvar_95_1d": -8.89,
      "max_dd_30d": -14.53,
      "volatility_30d": 118.92
    },
    "SOL": {
      "var_95_1d": -6.01,
      "cvar_95_1d": -8.88,
      "max_dd_30d": -10.49,
      "volatility_30d": 71.25
    },
    "XRP": {
      "var_95_1d": -4.26,
      "cvar_95_1d": -8.21,
      "max_dd_30d": -10.28,
      "volatility_30d": 52.83
    }
  },
  "concentration": {
    "btc_weight_pct": 56.45,
    "eth_weight_pct": 10.39,
    "top3_weight_pct": 74.24,
    "top3_coins": [
      "BTC",
      "ETH",
      "USDT"
    ],
    "total_market_cap_usd": 2491018912896.0,
    "warnings": [
      "BTC dominance very high at 56.5% - market heavily concentrated"
    ]
  },
  "alerts": [
    {
      "severity": "critical",
      "alert_type": "volatility",
      "coin": "DOT",
      "message": "DOT annualized volatility: 139.2% (threshold: 80.0%)",
      "value": 139.23
    },
    {
      "severity": "warning",
      "alert_type": "drawdown",
      "coin": "ADA",
      "message": "ADA 30d max drawdown: -16.0%",
      "value": -15.98
    },
    {
      "severity": "warning",
      "alert_type": "drawdown",
      "coin": "ATOM",
      "message": "ATOM 30d max drawdown: -18.0%",
      "value": -17.99
    },
    {
      "severity": "warning",
      "alert_type": "drawdown",
      "coin": "AVAX",
      "message": "AVAX 30d max drawdown: -14.0%",
      "value": -14.02
    },
    {
      "severity": "warning",
      "alert_type": "drawdown",
      "coin": "DOGE",
      "message": "DOGE 30d max drawdown: -12.6%",
      "value": -12.64
    },
    {
      "severity": "warning",
      "alert_type": "drawdown",
      "coin": "DOT",
      "message": "DOT 30d max drawdown: -16.6%",
      "value": -16.65
    },
    {
      "severity": "warning",
      "alert_type": "drawdown",
      "coin": "ETH",
      "message": "ETH 30d max drawdown: -12.7%",
      "value": -12.68
    },
    {
      "severity": "warning",
      "alert_type": "drawdown",
      "coin": "LINK",
      "message": "LINK 30d max drawdown: -12.5%",
      "value": -12.51
    },
    {
      "severity": "warning",
      "alert_type": "drawdown",
      "coin": "NEAR",
      "message": "NEAR 30d max drawdown: -14.5%",
      "value": -14.53
    },
    {
      "severity": "warning",
      "alert_type": "volatility",
      "coin": "NEAR",
      "message": "NEAR annualized volatility: 118.9% (threshold: 80.0%)",
      "value": 118.92
    },
    {
      "severity": "warning",
      "alert_type": "drawdown",
      "coin": "SOL",
      "message": "SOL 30d max drawdown: -10.5%",
      "value": -10.49
    },
    {
      "severity": "warning",
      "alert_type": "drawdown",
      "coin": "XRP",
      "message": "XRP 30d max drawdown: -10.3%",
      "value": -10.28
    },
    {
      "severity": "info",
      "alert_type": "correlation",
      "coin": "ADA/AVAX",
      "message": "High correlation (0.92) between ADA and AVAX - limited diversification",
      "value": 0.9213
    },
    {
      "severity": "info",
      "alert_type": "correlation",
      "coin": "ADA/DOGE",
      "message": "High correlation (0.92) between ADA and DOGE - limited diversification",
      "value": 0.9247
    },
    {
      "severity": "info",
      "alert_type": "correlation",
      "coin": "ADA/LINK",
      "message": "High correlation (0.94) between ADA and LINK - limited diversification",
      "value": 0.9393
    },
    {
      "severity": "info",
      "alert_type": "correlation",
      "coin": "AVAX/LINK",
      "message": "High correlation (0.93) between AVAX and LINK - limited diversification",
      "value": 0.9331
    },
    {
      "severity": "info",
      "alert_type": "correlation",
      "coin": "BNB/BTC",
      "message": "High correlation (0.91) between BNB and BTC - limited diversification",
      "value": 0.9105
    },
    {
      "severity": "info",
      "alert_type": "correlation",
      "coin": "BTC/ETH",
      "message": "High correlation (0.93) between BTC and ETH - limited diversification",
      "value": 0.9288
    },
    {
      "severity": "info",
      "alert_type": "correlation",
      "coin": "BTC/LINK",
      "message": "High correlation (0.92) between BTC and LINK - limited diversification",
      "value": 0.9196
    },
    {
      "severity": "info",
      "alert_type": "correlation",
      "coin": "BTC/SOL",
      "message": "High correlation (0.92) between BTC and SOL - limited diversification",
      "value": 0.923
    },
    {
      "severity": "info",
      "alert_type": "correlation",
      "coin": "ETH/LINK",
      "message": "High correlation (0.96) between ETH and LINK - limited diversification",
      "value": 0.9582
    },
    {
      "severity": "info",
      "alert_type": "correlation",
      "coin": "ETH/SOL",
      "message": "High correlation (0.93) between ETH and SOL - limited diversification",
      "value": 0.9319
    },
    {
      "severity": "info",
      "alert_type": "correlation",
      "coin": "LINK/LTC",
      "message": "High correlation (0.91) between LINK and LTC - limited diversification",
      "value": 0.9054
    },
    {
      "severity": "info",
      "alert_type": "correlation",
      "coin": "LINK/SOL",
      "message": "High correlation (0.94) between LINK and SOL - limited diversification",
      "value": 0.9448
    }
  ]
}